47
5
66
222
445
687
891
1012
1023
915
722
484
252
81
6
36
165
375
616
837
986
1023
962
795
566
327
131
19
16
118
309
546
778
952
1023
994
851
634
392
179
39
6
75
237
464
703
903
1016
1019
904
704
465
236
71
5
42
178
391
633
849
993
1023
953
780
546
308
118
15
21
131
328
567
797
964
1023
985
834
612
371
163
32
8
86
254
486
723
916
1020
1013
889
686
446
222
62
4
49
193
410
651
863
1000
1023
937
755
519
285
101
10
29
149
353
593
816
976
1023
972
812
586
346
143
24
12
106
293
529
762
943
1023
999
862
651
408
191
46
5
67
222
447
687
891
1012
1022
914
721
482
250
80
6
36
167
378
621
840
988
1023
958
788
558
320
124
17
18
125
320
560
790
959
1023
988
841
622
380
170
35
7
83
249
479
717
912
1019
1014
893
690
449
225
63
4
49
192
408
650
862
998
1023
943
765
531
294
108
11
25
143
345
586
810
972
1023
976
820
597
355
151
27
11
99
274
507
745
930
1023
1006
873
664
421
202
51
4
60
212
436
677
882
1007
1023
923
734
496
264
88
8
31
155
360
601
823
978
1023
969
807
579
339
139
22
14
110
299
536
768
946
1023
996
858
645
403
186
43
5
71
229
455
694
895
1014
1020
909
714
474
244
76
6
39
171
384
625
844
990
1023
956
783
553
315
122
16
19
125
321
561
790
959
1023
987
840
622
380
169
35
7
82
249
478
716
911
1019
1014
893
692
452
225
65
5
47
188
406
647
860
997
1023
945
769
536
299
111
12
23
138
337
576
803
968
1023
980
826
604
362
155
29
10
97
270
504
741
928
1023
1007
875
665
424
203
52
4
59
210
434
677
882
1008
1023
922
732
495
264
88
8
31
155
361
602
825
979
1023
968
805
578
339
138
22
14
110
298
536
768
945
1023
997
859
645
404
187
43
5
70
228
453
695
895
1013
1021
910
715
477
246
76
6
39
170
381
624
842
988
1023
958
787
556
318
124
16
19
126
321
561
791
960
1023
987
838
620
378
168
34
7
83
249
480
719
913
1020
1014
891
689
449
224
63
5
49
193
410
653
864
1000
1023
936
753
519
284
101
10
29
149
352
595
819
976
1023
972
812
587
347
144
24
13
106
292
528
762
941
1023
1000
859
645
403
186
42
5
71
229
455
696
897
1014
1020
908
712
474
245
75
6
39
171
382
627
844
990
1023
956
785
555
317
123
16
19
125
319
558
787
957
1023
989
842
623
381
171
36
7
82
247
477
716
911
1019
1015
894
693
453
228
66
4
47
187
404
645
859
997
1023
947
768
536
298
110
12
24
141
341
581
808
971
1023
978
821
597
356
152
27
11
99
274
507
746
931
1023
1006
872
662
421
202
51
5
61
213
436
677
883
1008
1023
923
734
497
265
89
8
31
155
360
601
825
979
1023
969
805
576
336
138
21
14
112
299
536
770
946
1023
996
858
644
403
186
43
5
72
230
456
696
897
1014
1019
908
710
471
242
74
5
41
175
389
631
849
992
1023
953
778
547
309
118
15
21
129
325
566
794
962
1023
986
837
618
377
167
34
8
84
254
485
723
917
1021
1013
889
683
443
219
61
4
52
197
415
656
867
1001
1023
935
752
517
283
99
11
27
146
349
589
813
973
1023
975
817
592
350
147
25
12
103
288
523
757
940
1023
1001
861
647
406
190
45
5
68
224
448
690
893
1012
1021
913
718
479
249
78
6
38
168
380
621
840
987
1023
960
791
561
322
126
18
18
121
315
553
783
956
1023
990
844
625
384
173
36
7
79
243
474
712
908
1018
1016
898
697
458
230
68
5
45
183
398
640
855
996
1023
947
771
536
299
111
13
24
139
338
578
806
969
1023
979
824
603
362
155
29
10
96
269
503
739
927
1023
1008
878
671
428
208
54
4
58
207
429
669
877
1006
1023
926
738
500
267
91
8
31
155
360
601
824
979
1023
969
807
579
339
139
22
14
111
299
536
769
945
1023
997
859
645
400
185
42
6
71
231
456
696
898
1014
1019
908
712
472
243
75
6
39
174
386
629
846
990
1023
955
783
553
314
121
16
19
126
322
563
791
960
1023
986
838
618
375
166
33
8
85
254
485
724
916
1021
1013
888
684
444
220
61
5
51
195
412
653
864
1000
1023
937
754
521
282
100
10
29
152
358
598
821
978
1023
970
808
581
339
140
23
13
109
295
531
764
943
1023
998
861
648
404
187
43
5
70
230
455
695
896
1013
1021
911
716
476
247
77
6
38
169
380
621
840
987
1023
959
789
559
319
125
17
18
123
318
558
788
957
1023
988
841
622
382
171
36
7
80
247
477
715
910
1019
1015
894
693
453
226
65
5
47
187
404
646
860
997
1023
945
767
534
298
110
13
24
137
338
578
804
968
1023
981
827
605
363
156
29
9
91
262
496
732
922
1023
1010
882
675
435
211
57
4
56
204
426
667
875
1005
1023
928
742
506
273
93
9
28
148
352
593
816
975
1023
973
813
589
347
144
24
12
107
294
531
764
944
1023
998
861
649
407
190
46
5
67
223
448
689
891
1012
1022
914
722
484
252
80
6
36
165
376
618
837
986
1023
960
792
564
325
129
18
17
119
311
550
781
954
1023
992
848
632
390
177
39
6
76
239
466
706
904
1016
1017
901
702
462
234
69
5
44
182
395
638
853
994
1023
949
774
540
303
114
14
23
136
334
574
802
967
1023
981
828
607
366
159
30
9
90
260
492
731
921
1022
1010
882
676
436
214
57
4
55
203
424
667
875
1004
1023
927
739
503
270
92
8
30
152
356
597
820
976
1023
971
809
582
342
140
23
13
109
297
533
767
945
1023
997
858
645
402
186
43
5
70
228
454
695
897
1014
1020
909
715
476
247
78
6
38
170
382
624
844
990
1023
956
784
554
316
123
16
20
127
321
560
791
959
1023
987
840
619
378
168
35
7
82
248
478
717
911
1019
1015
894
693
453
228
65
4
48
189
404
647
862
998
1023
944
765
532
295
108
12
25
141
341
582
809
971
1023
978
822
597
357
152
28
11
99
274
509
745
930
1023
1006
872
663
422
202
52
4
61
212
435
676
883
1008
1023
922
730
494
262
87
7
32
156
362
603
825
980
1023
968
805
577
338
138
22
14
112
300
537
769
947
1023
996
857
642
401
184
43
5
71
230
456
695
896
1013
1021
910
716
476
247
77
6
39
172
385
626
845
991
1023
955
783
551
313
121
15
20
127
325
564
793
962
1023
985
836
614
373
165
33
8
85
255
485
724
916
1021
1013
889
685
445
221
62
4
50
192
410
651
864
1000
1023
937
755
520
285
101
10
29
149
352
593
816
975
1023
973
813
587
345
144
24
12
107
294
531
763
944
1023
998
862
649
408
191
46
5
67
223
448
690
892
1012
1022
913
720
481
250
79
6
36
166
377
619
837
987
1023
961
792
563
325
129
18
17
119
311
550
779
953
1023
992
849
633
390
177
39
6
76
239
466
705
903
1017
1018
902
704
464
235
70
5
43
181
396
637
852
993
1023
951
777
545
306
116
14
22
132
330
569
799
964
1023
983
830
610
367
160
31
9
89
260
493
730
920
1022
1011
884
679
439
215
59
4
52
200
420
661
871
1003
1023
931
746
510
275
96
10
29
150
353
594
818
975
1023
972
813
588
346
143
24
12
105
291
527
761
941
1023
1000
859
646
404
187
43
5
70
228
454
694
896
1013
1020
909
713
475
244
75
6
39
172
385
628
845
990
1023
955
783
552
313
121
15
20
128
324
564
793
961
1023
986
836
616
375
165
33
8
86
254
484
722
915
1020
1013
888
685
445
220
61
4
51
195
414
655
866
1001
1023
935
753
518
281
99
10
27
147
350
591
815
974
1023
974
815
590
349
146
25
11
102
286
521
757
938
1023
1001
863
651
410
190
45
5
67
223
449
690
892
1012
1022
913
720
481
250
79
6
37
166
377
619
837
986
1023
961
792
563
325
128
18
18
121
313
552
783
955
1023
991
846
629
388
173
37
7
79
244
474
713
908
1018
1016
896
696
456
230
67
5
45
184
400
643
858
997
1023
946
769
537
300
111
13
23
137
336
577
804
967
1023
980
827
605
364
156
29
9
91
261
493
730
920
1023
1011
884
678
437
215
58
4
55
202
422
664
873
1004
1023
929
744
509
275
94
9
28
148
351
592
816
975
1023
974
815
591
349
146
25
12
105
292
529
762
942
1023
999
864
651
409
193
46
5
67
223
446
690
892
1012
1022
913
720
482
251
78
6
37
168
379
622
840
987
1023
959
789
560
321
127
17
18
122
316
554
784
955
1023
991
844
626
385
173
36
7
80
244
474
714
909
1019
1015
895
693
454
227
65
5
47
186
402
644
857
997
1023
947
770
536
300
112
13
24
139
339
579
806
969
1023
980
822
600
359
154
28
10
98
272
507
744
930
1023
1007
873
664
421
202
52
4
60
211
433
673
880
1007
1023
925
736
499
267
90
8
31
154
360
600
824
979
1023
968
805
577
337
137
22
14
111
300
537
771
947
1023
996
857
643
400
184
42
6
72
231
457
697
899
1015
1020
907
710
471
243
74
5
41
176
388
631
849
992
1023
953
779
547
310
118
15
21
129
326
567
796
963
1023
985
835
613
373
164
33
9
86
255
485
723
916
1021
1013
888
683
443
220
60
5
51
195
413
654
866
1001
1023
935
751
516
280
99
10
28
149
352
592
816
976
1023
973
814
588
348
145
25
12
104
291
526
761
942
1023
1000
860
645
401
185
42
6
72
231
457
697
898
1014
1020
908
711
471
243
75
6
40
173
385
627
844
989
1023
957
785
555
317
124
16
19
126
320
560
790
959
1023
987
839
618
378
168
35
7
83
250
479
717
912
1020
1014
893
690
451
226
65
4
48
189
405
647
860
998
1023
944
766
531
296
109
12
24
139
339
581
806
969
1023
979
824
599
357
152
27
10
99
274
507
743
929
1023
1007
875
666
424
204
52
5
61
214
436
676
882
1008
1023
921
731
493
261
86
7
33
158
366
606
828
982
1023
965
801
572
331
134
20
15
116
306
543
775
950
1023
994
853
639
397
183
41
6
73
233
459
700
899
1015
1019
906
709
469
240
73
5
41
177
390
631
848
991
1023
954
783
552
314
121
16
20
127
321
560
790
959
1023
987
839
620
377
168
34
8
84
251
481
719
913
1019
1014
893
690
450
225
64
4
48
189
406
648
861
998
1023
943
765
530
293
107
12
26
143
345
586
811
972
1023
976
819
595
354
150
26
11
100
284
519
752
936
1023
1003
866
655
410
193
47
5
65
221
445
685
889
1010
1023
917
724
486
255
82
7
36
164
375
617
837
986
1023
960
792
563
323
126
18
18
121
316
554
784
956
1023
989
844
626
384
173
37
7
78
242
471
710
908
1018
1016
898
698
458
231
68
5
45
183
399
642
858
996
1023
946
770
538
301
113
13
23
135
335
574
802
967
1023
981
829
606
365
157
30
10
95
268
501
738
925
1023
1008
877
670
429
207
54
4
58
207
431
673
879
1006
1023
925
736
501
268
90
8
30
153
359
600
821
978
1023
969
807
580
340
139
22
14
109
298
534
766
945
1023
998
860
648
404
186
43
5
70
229
456
696
896
1013
1020
910
715
476
246
77
6
39
170
383
623
842
988
1023
958
786
557
318
123
16
19
125
321
562
791
960
1023
987
839
620
378
168
34
8
84
253
484
722
915
1020
1013
890
687
447
223
63
5
50
192
408
651
864
999
1023
941
762
528
292
106
11
26
144
345
587
812
972
1023
976
819
595
353
149
27
11
100
282
519
753
936
1023
1003
866
653
412
195
48
5
66
221
445
687
890
1011
1023
915
722
485
254
81
6
35
163
374
616
836
985
1023
960
791
563
324
127
18
18
121
313
553
783
955
1023
991
847
631
389
176
38
6
78
241
469
709
906
1017
1017
900
701
461
233
69
5
44
182
398
641
855
995
1023
949
774
541
304
114
13
23
136
335
574
803
967
1023
981
826
605
363
157
29
10
96
268
503
741
927
1023
1007
875
667
426
206
53
4
59
210
431
674
880
1007
1023
923
732
496
264
88
8
32
155
362
603
824
979
1023
969
806
578
339
138
21
14
111
299
536
769
946
1023
996
856
643
400
185
43
5
70
229
455
695
896
1014
1021
910
713
475
246
77
6
39
171
384
627
845
990
1023
955
782
552
314
121
16
20
127
324
562
792
961
1023
987
837
618
377
167
34
7
84
250
480
717
914
1020
1014
892
689
449
224
63
4
50
193
410
651
864
1000
1023
937
755
521
284
102
10
29
151
355
597
821
978
1023
971
808
582
343
142
24
13
106
292
528
762
942
1023
1000
859
646
404
188
45
5
69
226
453
693
895
1013
1021
911
715
475
246
77
6
38
169
379
621
840
988
1023
959
789
560
321
125
17
19
124
318
557
787
958
1023
989
842
623
381
169
36
8
82
251
481
719
914
1020
1014
891
688
447
223
63
4
49
191
407
650
864
999
1023
943
765
532
295
109
12
26
142
342
584
809
971
1023
977
821
597
354
151
27
11
99
274
507
743
930
1023
1006
874
662
421
202
51
5
62
215
438
678
884
1008
1023
921
731
494
262
86
8
32
157
363
604
826
980
1023
967
803
575
334
136
21
14
114
304
541
772
950
1023
995
854
639
398
184
42
6
71
230
456
698
898
1014
1020
908
712
472
244
75
5
40
174
387
629
846
991
1023
955
783
553
315
122
16
19
126
321
560
788
958
1023
989
841
623
380
169
35
8
82
247
477
715
910
1019
1015
895
694
454
226
65
5
47
188
404
646
859
997
1023
946
770
536
298
110
12
24
140
340
579
807
969
1023
978
822
600
357
152
28
10
97
273
507
743
929
1023
1006
873
664
419
201
51
4
61
215
438
678
884
1008
1023
922
731
493
262
87
8
32
157
363
604
826
980
1023
968
804
578
337
137
21
15
111
301
537
770
946
1023
996
858
644
401
185
42
6
72
231
456
696
897
1014
1020
909
712
473
244
75
6
40
173
386
629
846
990
1023
954
782
551
314
120
16
20
127
325
565
792
961
1023
986
837
618
377
166
33
8
84
251
483
722
916
1021
1013
888
684
444
219
61
4
51
196
415
656
867
1001
1023
934
750
516
280
99
10
28
146
349
589
813
974
1023
975
817
592
351
147
26
12
104
288
524
759
940
1023
1001
861
649
405
188
45
5
69
226
453
693
895
1013
1021
911
716
476
246
76
6
39
171
381
623
841
988
1023
959
787
558
320
124
17
19
124
319
560
789
958
1023
988
841
622
382
168
35
7
82
247
478
717
911
1019
1015
894
693
452
227
65
5
47
187
403
646
860
619
946
769
537
299
110
12
24
139
338
578
805
968
1023
979
824
602
361
155
29
10
96
270
504
740
927
1023
1007
876
669
428
206
54
4
58
207
427
669
876
1005
1023
928
741
504
271
92
9
29
150
353
596
819
976
1023
971
810
585
345
144
24
13
106
293
532
765
943
1023
998
861
648
405
188
44
5
70
228
454
694
894
1013
1020
909
714
476
247
77
6
38
170
380
623
843
989
1023
957
787
557
319
124
17
18
123
317
557
786
957
1023
989
844
627
384
172
37
6
80
244
474
714
909
1018
1016
896
694
454
228
66
4
47
188
403
646
859
997
1023
945
767
535
299
110
12
24
139
341
580
806
969
1023
979
823
600
358
153
28
10
99
274
507
744
931
1023
1006
872
663
421
203
52
4
60
211
432
675
881
1007
1023
924
735
499
266
89
8
31
155
361
602
825
980
1023
968
805
577
337
138
22
14
111
298
535
769
946
1023
997
856
642
400
185
43
6
71
230
455
695
896
1013
1020
909
714
475
246
76
6
40
173
385
627
845
991
1023
956
783
550
313
120
16
20
126
323
563
794
962
1023
986
836
617
376
166
34
8
85
252
484
721
915
1021
1013
890
686
445
221
62
4
50
194
411
653
865
1000
1023
937
752
518
283
100
10
29
150
354
596
821
977
1023
971
810
585
345
142
24
13
107
294
530
764
942
1023
999
863
649
406
189
44
5
70
227
452
692
896
1013
1021
909
712
474
246
76
6
39
171
382
623
842
988
1023
959
789
560
320
125
17
19
124
320
559
788
959
1023
988
841
620
379
169
35
8
82
248
477
717
912
1020
1015
893
689
450
225
64
5
48
189
406
648
860
998
1023
944
766
532
296
109
12
25
141
342
582
808
971
1023
977
821
598
357
152
27
10
99
274
507
743
930
1023
1006
874
666
424
203
52
4
60
211
433
673
880
1007
1023
924
735
496
264
88
8
31
154
360
600
823
979
1023
969
806
579
338
139
22
14
111
299
537
769
946
1023
996
858
645
401
186
44
5
70
229
454
694
895
1014
1020
909
714
474
246
77
6
39
171
382
624
843
989
1023
957
788
558
320
124
17
18
124
318
557
787
957
1023
989
843
624
381
170
35
7
82
248
479
717
911
1019
1014
894
690
449
225
64
4
49
192
409
653
864
999
1023
942
762
528
292
105
11
26
144
347
587
811
972
1023
975
817
594
352
149
26
11
101
285
519
754
936
1023
1003
864
652
409
191
45
5
67
225
449
690
892
1012
1022
913
720
482
251
80
6
36
166
375
616
835
985
1023
962
794
565
324
128
19
18
122
316
554
785
956
1023
989
844
626
384
172
36
7
80
246
477
716
910
1019
1015
895
693
454
229
66
5
46
188
403
645
859
997
1023
944
766
533
296
109
12
25
140
342
582
807
969
1023
977
821
599
358
152
28
11
98
274
507
743
929
1023
1006
874
666
423
202
51
5
61
212
436
676
883
1008
1023
921
731
495
261
87
7
32
156
364
606
828
981
1023
967
802
575
336
137
21
14
111
301
537
769
946
1023
996
858
644
401
185
43
5
70
229
456
696
896
1013
1020
908
712
474
245
76
6
39
172
384
625
843
989
1023
957
787
557
316
122
16
19
125
319
559
788
959
1023
987
840
620
378
167
34
8
85
252
484
723
915
1020
1013
889
686
446
222
63
5
49
192
409
653
864
999
1023
941
760
527
292
105
11
26
143
345
587
811
972
1023
976
819
595
355
151
26
11
100
284
520
754
936
1023
1002
863
652
410
192
47
5
66
221
445
685
889
1011
1023
915
723
483
253
81
7
36
165
375
617
838
986
1023
960
791
561
322
128
18
17
120
313
554
784
956
1023
990
846
629
387
176
38
7
78
241
468
709
906
1017
1017
899
698
458
232
68
5
46
186
400
644
857
996
1023
946
769
536
300
111
12
23
138
338
577
804
967
1023
980
826
604
362
156
29
10
97
271
504
742
929
1023
1007
874
665
425
204
52
4
59
210
431
675
881
1007
1023
923
734
497
265
89
8
31
153
360
601
823
978
1023
970
807
580
340
140
22
14
109
298
534
768
945
1023
998
858
645
403
187
44
5
70
228
453
693
894
1013
1021
911
717
479
248
78
6
38
169
381
622
842
989
1023
958
786
555
317
123
16
19
126
322
562
794
961
1023
986
837
617
375
166
34
8
84
251
482
720
914
1020
1014
892
689
449
225
64
4
49
191
406
650
863
999
1023
943
763
530
294
108
11
26
142
342
582
809
970
1023
977
821
598
357
152
28
11
99
274
507
743
930
1023
1006
873
662
420
200
51
5
62
215
438
678
885
1009
1023
920
728
491
260
85
7
33
158
365
607
828
981
1023
966
802
573
334
135
21
15
114
305
542
773
949
1023
995
854
639
397
182
41
6
73
219
31
9
89
259
490
728
919
1022
1011
884
679
438
215
58
4
53
201
421
663
872
1003
1023
931
746
510
277
96
10
29
150
353
594
820
976
1023
971
810
585
345
143
24
13
105
291
527
762
941
1023
1000
858
644
402
186
43
5
70
227
452
692
893
1012
1021
912
717
479
250
79
6
38
169
379
620
840
987
1023
959
788
558
320
125
17
18
123
319
557
788
958
1023
988
841
624
382
171
36
7
81
245
476
714
911
1019
1015
895
693
452
227
66
5
47
186
402
645
859
997
1023
945
767
535
299
111
13
24
138
338
577
803
968
1023
980
826
602
361
155
29
10
97
271
503
740
928
1023
1007
876
666
424
205
53
4
59
210
430
672
879
1006
1023
925
737
501
267
90
9
31
155
359
600
823
979
1023
969
806
577
337
138
22
14
110
297
533
768
946
1023
997
859
644
401
186
43
5
70
229
455
695
896
1013
1020
909
714
474
246
76
6
39
171
382
624
842
989
1023
958
788
557
319
124
17
18
124
319
557
786
958
1023
988
841
623
382
170
35
7
82
248
479
717
911
1020
1014
893
690
448
224
63
5
48
190
406
648
862
999
1023
943
763
531
294
108
12
25
142
344
585
810
971
1023
977
820
598
357
152
28
10
98
272
506
741
928
1023
1006
874
664
421
202
52
4
61
214
436
676
882
1008
1023
922
733
496
264
87
8
32
156
361
602
824
979
1023
968
806
579
336
137
21
14
112
300
537
769
947
1023
996
857
642
398
184
42
6
72
233
459
700
900
1015
1019
906
710
471
243
74
6
40
174
386
628
845
990
1023
954
783
552
312
120
16
20
127
323
562
791
959
1023
987
839
620
379
169
35
8
83
248
479
717
911
1019
1014
894
692
452
225
64
4
48
189
406
650
862
998
1023
943
765
530
294
108
12
26
142
345
586
811
972
1023
977
819
596
355
151
27
11
100
284
520
754
937
1023
1003
865
654
412
193
47
5
65
220
445
685
889
1010
1023
916
723
485
253
81
6
36
166
376
617
837
986
1023
961
793
564
326
128
18
17
121
314
553
783
955
1023
990
845
628
384
172
36
7
79
243
473
712
909
1018
1015
897
696
457
230
67
5
46
185
400
644
858
997
1023
946
769
536
300
111
13
24
137
338
578
804
968
1023
980
825
601
361
154
28
10
97
271
506
741
928
1023
1007
874
666
424
204
53
4
59
210
431
672
879
1006
1023
925
736
501
267
89
8
31
156
362
603
826
980
1023
967
803
575
336
135
21
14
112
301
538
772
949
1023
995
856
642
398
184
42
6
72
231
459
699
898
1014
1020
907
711
471
243
74
5
40
174
385
628
845
990
1023
955
783
552
314
122
16
20
127
323
565
794
961
1023
985
836
617
376
165
33
8
85
253
482
722
915
1021
1013
889
686
444
221
61
4
51
194
411
654
866
1001
1023
935
752
517
283
101
10
29
150
354
598
820
977
1023
972
811
587
345
143
24
13
106
294
529
762
943
1023
999
862
649
408
191
45
5
69
226
452
694
895
1013
1021
910
716
477
248
78
6
38
168
380
621
839
987
1023
959
790
561
321
126
17
18
124
317
556
786
957
1023
989
843
624
383
172
36
7
81
246
474
716
911
1019
1015
894
692
452
226
65
5
47
188
405
648
862
998
1023
944
765
530
295
108
12
26
142
344
584
811
972
1023
977
817
594
353
150
26
11
102
285
522
757
938
1023
1001
861
649
406
189
44
5
69
226
451
691
893
1012
1021
913
718
480
250
80
6
37
168
380
621
840
988
1023
958
788
558
319
125
16
19
125
320
560
791
959
1023
987
838
618
377
167
34
7
84
250
479
717
912
1019
1015
894
692
452
227
66
4
47
188
405
648
862
998
1023
943
763
530
295
108
11
26
141
342
582
809
971
1023
977
820
595
355
151
27
11
101
284
518
754
936
1023
1003
864
654
412
195
48
5
65
220
445
685
890
1011
1022
915
721
483
253
82
7
36
166
376
617
838
987
1023
960
791
561
322
128
18
17
120
311
549
780
953
1023
992
850
634
392
178
39
6
77
240
468
707
905
1017
1017
901
701
460
234
69
5
43
181
396
637
853
994
1023
951
776
544
306
116
14
22
133
330
571
799
965
1023
982
830
607
367
158
30
9
90
260
492
729
920
1022
1011
884
676
435
213
58
4
54
200
420
662
872
1003
1023
931
746
511
277
97
10
28
148
351
593
816
976
1023
973
814
587
348
145
25
12
105
289
525
758
940
1023
1001
861
646
404
187
44
5
71
229
455
695
896
1014
1021
909
714
476
246
76
6
39
170
383
623
842
989
1023
957
786
555
317
123
16
19
126
322
560
790
960
1023
987
839
620
378
169
35
7
82
247
478
717
911
1019

