port1,port2,port3,port4
-9.40,0.00,0.00,0.00
-9.40,0.00,0.00,0.00
-9.40,0.00,0.00,0.00
-9.41,0.00,0.00,0.00
-9.41,0.00,0.00,0.00
-9.42,0.00,0.00,0.00
-9.42,0.00,0.00,0.00
-9.43,0.00,0.00,0.00
-9.43,0.00,0.00,0.00
-9.43,0.00,0.00,0.00
-9.43,0.00,0.00,0.00
-9.43,0.00,0.00,0.00
-9.42,0.00,0.00,0.00
-9.43,0.00,0.00,0.00
-9.43,0.00,0.00,0.00
-9.43,0.00,0.00,0.00
-9.43,0.00,0.00,0.00
-9.43,0.00,0.00,0.00
-9.43,0.00,0.00,0.00
-9.43,0.00,0.00,0.00
-9.44,0.00,0.00,0.00
-9.44,0.00,0.00,0.00
-9.45,0.00,0.00,0.00
-9.45,0.00,0.00,0.00
-9.45,0.00,0.00,0.00
-9.46,0.00,0.00,0.00
-9.46,0.00,0.00,0.00
-9.46,0.00,0.00,0.00
-9.46,0.00,0.00,0.00
-9.45,0.00,0.00,0.00
-9.45,0.00,0.00,0.00
-9.45,0.00,0.00,0.00
-9.44,0.00,0.00,0.00
-9.44,0.00,0.00,0.00
-9.44,0.00,0.00,0.00
-9.44,0.00,0.00,0.00
-9.44,0.00,0.00,0.00
-9.45,0.00,0.00,0.00
-9.44,0.00,0.00,0.00
-9.45,0.00,0.00,0.00
-9.45,0.00,0.00,0.00
-9.45,0.00,0.00,0.00
-9.46,0.00,0.00,0.00
-9.46,0.00,0.00,0.00
-9.46,0.00,0.00,0.00
-9.46,0.00,0.00,0.00
-9.46,0.00,0.00,0.00
-9.46,0.00,0.00,0.00
-9.45,0.00,0.00,0.00
-9.46,0.00,0.00,0.00
-9.45,0.00,0.00,0.00
-9.44,0.00,0.00,0.00
-9.44,0.00,0.00,0.00
-9.44,0.00,0.00,0.00
-9.44,0.00,0.00,0.00
-9.44,0.00,0.00,0.00
-9.45,0.00,0.00,0.00
-9.44,0.00,0.00,0.00
-9.45,0.00,0.00,0.00
-9.46,0.00,0.00,0.00
-9.46,0.00,0.00,0.00
-9.46,0.00,0.00,0.00
-9.46,0.00,0.00,0.00
-9.46,0.00,0.00,0.00
-9.46,0.00,0.00,0.00
-9.46,0.00,0.00,0.00
-9.45,0.00,0.00,0.00
-9.45,0.00,0.00,0.00
-9.45,0.00,0.00,0.00
-9.44,0.00,0.00,0.00
-9.46,0.00,0.00,0.00
-9.44,0.00,0.00,0.00
-9.44,0.00,0.00,0.00
-9.45,0.00,0.00,0.00
-9.44,0.00,0.00,0.00
-9.45,0.00,0.00,0.00
-9.46,0.00,0.00,0.00
-9.48,0.00,0.00,0.00
-9.46,0.00,0.00,0.00
-9.46,0.00,0.00,0.00
-9.46,0.00,0.00,0.00
-9.46,0.00,0.00,0.00
-9.46,0.00,0.00,0.00
-9.46,0.00,0.00,0.00
-9.46,0.00,0.00,0.00
-9.46,0.00,0.00,0.00
-9.45,0.00,0.00,0.00
-9.45,0.00,0.00,0.00
-9.45,0.00,0.00,0.00
-9.44,0.00,0.00,0.00
-9.45,0.00,0.00,0.00
-9.45,0.00,0.00,0.00
-9.45,0.00,0.00,0.00
-9.46,0.00,0.00,0.00
-9.45,0.00,0.00,0.00
-9.46,0.00,0.00,0.00
-9.47,0.00,0.00,0.00
-9.47,0.00,0.00,0.00
-9.47,0.00,0.00,0.00
-9.47,0.00,0.00,0.00
-9.47,0.00,0.00,0.00
-9.46,0.00,0.00,0.00
-9.46,0.00,0.00,0.00
-9.44,0.00,0.00,0.00
-9.45,0.00,0.00,0.00
-9.45,0.00,0.00,0.00
-9.45,0.00,0.00,0.00
-9.45,0.00,0.00,0.00
-9.45,0.00,0.00,0.00
-9.45,0.00,0.00,0.00
-9.46,0.00,0.00,0.00
-9.45,0.00,0.00,0.00
-9.46,0.00,0.00,0.00
-9.46,0.00,0.00,0.00
-9.47,0.00,0.00,0.00
-9.47,0.00,0.00,0.00
-9.47,0.00,0.00,0.00
-9.47,0.00,0.00,0.00
-9.47,0.00,0.00,0.00
-9.46,0.00,0.00,0.00
-9.46,0.00,0.00,0.00
-9.46,0.00,0.00,0.00
-9.45,0.00,0.00,0.00
-9.45,0.00,0.00,0.00
-9.45,0.00,0.00,0.00
-9.45,0.00,0.00,0.00
-9.45,0.00,0.00,0.00
-9.45,0.00,0.00,0.00
-9.46,0.00,0.00,0.00
-9.46,0.00,0.00,0.00
-9.46,0.00,0.00,0.00
-9.47,0.00,0.00,0.00
-9.47,0.00,0.00,0.00
-9.47,0.00,0.00,0.00
-9.47,0.00,0.00,0.00
-9.46,0.00,0.00,0.00
-9.44,0.00,0.00,0.00
-9.46,0.00,0.00,0.00
-9.46,0.00,0.00,0.00
-9.47,0.00,0.00,0.00
-9.45,0.00,0.00,0.00
-9.45,0.00,0.00,0.00
-9.44,0.00,0.00,0.00
-9.45,0.00,0.00,0.00
-9.44,0.00,0.00,0.00
-9.46,0.00,0.00,0.00
-9.46,0.00,0.00,0.00
-9.46,0.00,0.00,0.00
-9.47,0.00,0.00,0.00
-9.47,0.00,0.00,0.00
-9.47,0.00,0.00,0.00
-9.47,0.00,0.00,0.00
-9.47,0.00,0.00,0.00
-9.47,0.00,0.00,0.00
-9.47,0.00,0.00,0.00
-9.46,0.00,0.00,0.00
-9.46,0.00,0.00,0.00
-9.46,0.00,0.00,0.00
-9.45,0.00,0.00,0.00
-9.45,0.00,0.00,0.00
-9.45,0.00,0.00,0.00
-9.45,0.00,0.00,0.00
-9.45,0.00,0.00,0.00
-9.46,0.00,0.00,0.00
-9.46,0.00,0.00,0.00
-9.46,0.00,0.00,0.00
-9.47,0.00,0.00,0.00
-9.47,0.00,0.00,0.00
-9.47,0.00,0.00,0.00
-9.47,0.00,0.00,0.00
-9.47,0.00,0.00,0.00
-9.47,0.00,0.00,0.00
-9.47,0.00,0.00,0.00
-9.46,0.00,0.00,0.00
-9.46,0.00,0.00,0.00
-9.46,0.00,0.00,0.00
-9.45,0.00,0.00,0.00
-9.45,0.00,0.00,0.00
-9.45,0.00,0.00,0.00
-9.45,0.00,0.00,0.00
-9.45,0.00,0.00,0.00
-9.46,0.00,0.00,0.00
-9.46,0.00,0.00,0.00
-9.46,0.00,0.00,0.00
-9.47,0.00,0.00,0.00
-9.47,0.00,0.00,0.00
-9.47,0.00,0.00,0.00
-9.48,0.00,0.00,0.00
-9.47,0.00,0.00,0.00
-9.47,0.00,0.00,0.00
-9.46,0.00,0.00,0.00
-9.46,0.00,0.00,0.00
-9.46,0.00,0.00,0.00
-9.46,0.00,0.00,0.00
-9.45,0.00,0.00,0.00
-9.45,0.00,0.00,0.00
-9.45,0.00,0.00,0.00
-9.45,0.00,0.00,0.00
-9.45,0.00,0.00,0.00
-9.45,0.00,0.00,0.00
-9.46,0.00,0.00,0.00
-9.46,0.00,0.00,0.00
-9.47,0.00,0.00,0.00
-9.47,0.00,0.00,0.00
-9.47,0.00,0.00,0.00
-9.46,0.00,0.00,0.00
-9.47,0.00,0.00,0.00
-9.47,0.00,0.00,0.00
-9.46,0.00,0.00,0.00
-9.46,0.00,0.00,0.00
-9.47,0.00,0.00,0.00
-9.45,0.00,0.00,0.00
-9.45,0.00,0.00,0.00
-9.46,0.00,0.00,0.00
-9.45,0.00,0.00,0.00
-9.45,0.00,0.00,0.00
-9.45,0.00,0.00,0.00
-9.46,0.00,0.00,0.00
-9.46,0.00,0.00,0.00
-9.46,0.00,0.00,0.00
-9.47,0.00,0.00,0.00
-9.47,0.00,0.00,0.00
-9.47,0.00,0.00,0.00
-9.47,0.00,0.00,0.00
-9.47,0.00,0.00,0.00
-9.46,0.00,0.00,0.00
-9.46,0.00,0.00,0.00
-9.46,0.00,0.00,0.00
-9.44,0.00,0.00,0.00
-9.45,0.00,0.00,0.00
-9.45,0.00,0.00,0.00
-9.45,0.00,0.00,0.00
-9.45,0.00,0.00,0.00
-9.45,0.00,0.00,0.00
-9.45,0.00,0.00,0.00
-9.46,0.00,0.00,0.00
-9.46,0.00,0.00,0.00
-9.46,0.00,0.00,0.00
-9.46,0.00,0.00,0.00
-9.47,0.00,0.00,0.00
-9.47,0.00,0.00,0.00
-9.47,0.00,0.00,0.00
-9.47,0.00,0.00,0.00
-9.46,0.00,0.00,0.00
-9.46,0.00,0.00,0.00
-9.46,0.00,0.00,0.00
-9.45,0.00,0.00,0.00
-9.45,0.00,0.00,0.00
-9.45,0.00,0.00,0.00
-9.45,0.00,0.00,0.00
-9.45,0.00,0.00,0.00
-9.45,0.00,0.00,0.00
-9.45,0.00,0.00,0.00
-9.46,0.00,0.00,0.00
-9.46,0.00,0.00,0.00
-9.46,0.00,0.00,0.00
-9.46,0.00,0.00,0.00
-9.47,0.00,0.00,0.00
-9.47,0.00,0.00,0.00
-9.47,0.00,0.00,0.00
-9.47,0.00,0.00,0.00
-9.46,0.00,0.00,0.00
-9.46,0.00,0.00,0.00
-9.46,0.00,0.00,0.00
-9.45,0.00,0.00,0.00
-9.45,0.00,0.00,0.00
-9.45,0.00,0.00,0.00
-9.45,0.00,0.00,0.00
-9.45,0.00,0.00,0.00
-9.45,0.00,0.00,0.00
-9.45,0.00,0.00,0.00
-9.46,0.00,0.00,0.00
-9.46,0.00,0.00,0.00
-9.45,0.00,0.00,0.00
-9.47,0.00,0.00,0.00
-9.47,0.00,0.00,0.00
-9.47,0.00,0.00,0.00
-9.47,0.00,0.00,0.00
-9.47,0.00,0.00,0.00
-9.46,0.00,0.00,0.00
-9.46,0.00,0.00,0.00
-9.47,0.00,0.00,0.00
-9.45,0.00,0.00,0.00
-9.45,0.00,0.00,0.00
-9.45,0.00,0.00,0.00
-9.45,0.00,0.00,0.00
-9.45,0.00,0.00,0.00
-9.45,0.00,0.00,0.00
-9.45,0.00,0.00,0.00
-9.46,0.00,0.00,0.00
-9.46,0.00,0.00,0.00
-9.46,0.00,0.00,0.00
-9.47,0.00,0.00,0.00
-9.47,0.00,0.00,0.00
-9.47,0.00,0.00,0.00
-9.47,0.00,0.00,0.00
-9.47,0.00,0.00,0.00
-9.46,0.00,0.00,0.00
-9.46,0.00,0.00,0.00
-9.45,0.00,0.00,0.00
-9.45,0.00,0.00,0.00
-9.45,0.00,0.00,0.00
-9.45,0.00,0.00,0.00
-9.45,0.00,0.00,0.00
-9.45,0.00,0.00,0.00
-9.45,0.00,0.00,0.00
-9.45,0.00,0.00,0.00
-9.46,0.00,0.00,0.00
-9.46,0.00,0.00,0.00
-9.46,0.00,0.00,0.00
-9.47,0.00,0.00,0.00
-9.47,0.00,0.00,0.00
-9.47,0.00,0.00,0.00
-9.47,0.00,0.00,0.00
-9.47,0.00,0.00,0.00
-9.46,0.00,0.00,0.00
-9.46,0.00,0.00,0.00
-9.46,0.00,0.00,0.00
-9.45,0.00,0.00,0.00
-9.46,0.00,0.00,0.00
-9.45,0.00,0.00,0.00
-9.45,0.00,0.00,0.00
-9.45,0.00,0.00,0.00
-9.45,0.00,0.00,0.00
-9.45,0.00,0.00,0.00
-9.46,0.00,0.00,0.00
-9.46,0.00,0.00,0.00
-9.47,0.00,0.00,0.00
-9.47,0.00,0.00,0.00
-9.47,0.00,0.00,0.00
-9.47,0.00,0.00,0.00
-9.46,0.00,0.00,0.00
-9.46,0.00,0.00,0.00
-9.46,0.00,0.00,0.00
-9.46,0.00,0.00,0.00
-9.45,0.00,0.00,0.00
-9.45,0.00,0.00,0.00
-9.45,0.00,0.00,0.00
-9.45,0.00,0.00,0.00
-9.45,0.00,0.00,0.00
-9.45,0.00,0.00,0.00
-9.45,0.00,0.00,0.00
-9.45,0.00,0.00,0.00
-9.46,0.00,0.00,0.00
-9.46,0.00,0.00,0.00
-9.46,0.00,0.00,0.00
-9.47,0.00,0.00,0.00
-9.47,0.00,0.00,0.00
-9.47,0.00,0.00,0.00
-9.47,0.00,0.00,0.00
-9.46,0.00,0.00,0.00
-9.46,0.00,0.00,0.00
-9.46,0.00,0.00,0.00
-9.45,0.00,0.00,0.00
-9.45,0.00,0.00,0.00
-9.45,0.00,0.00,0.00
-9.45,0.00,0.00,0.00
-9.45,0.00,0.00,0.00
-9.45,0.00,0.00,0.00
-9.45,0.00,0.00,0.00
-9.46,0.00,0.00,0.00
-9.46,0.00,0.00,0.00
-9.46,0.00,0.00,0.00
-9.46,0.00,0.00,0.00
-9.47,0.00,0.00,0.00
-9.47,0.00,0.00,0.00
-9.46,0.00,0.00,0.00
-9.47,0.00,0.00,0.00
-9.46,0.00,0.00,0.00
-9.46,0.00,0.00,0.00
-9.46,0.00,0.00,0.00
-9.45,0.00,0.00,0.00
-9.45,0.00,0.00,0.00
-9.45,0.00,0.00,0.00
-9.45,0.00,0.00,0.00
-9.45,0.00,0.00,0.00
-9.45,0.00,0.00,0.00
-9.45,0.00,0.00,0.00
-9.46,0.00,0.00,0.00
-9.45,0.00,0.00,0.00
-9.46,0.00,0.00,0.00
-9.46,0.00,0.00,0.00
-9.47,0.00,0.00,0.00
-9.46,0.00,0.00,0.00
-9.47,0.00,0.00,0.00
-9.46,0.00,0.00,0.00
-9.46,0.00,0.00,0.00
-9.46,0.00,0.00,0.00
-9.45,0.00,0.00,0.00
-9.45,0.00,0.00,0.00
-9.45,0.00,0.00,0.00
-9.45,0.00,0.00,0.00
-9.44,0.00,0.00,0.00
-9.45,0.00,0.00,0.00
-9.45,0.00,0.00,0.00
-9.45,0.00,0.00,0.00
-9.46,0.00,0.00,0.00
-9.46,0.00,0.00,0.00
-9.46,0.00,0.00,0.00
-9.46,0.00,0.00,0.00
-9.47,0.00,0.00,0.00
-9.47,0.00,0.00,0.00
-9.47,0.00,0.00,0.00
-9.47,0.00,0.00,0.00
-9.46,0.00,0.00,0.00
-9.46,0.00,0.00,0.00
-9.45,0.00,0.00,0.00
-9.45,0.00,0.00,0.00
-9.45,0.00,0.00,0.00
-9.44,0.00,0.00,0.00
-9.45,0.00,0.00,0.00
-9.45,0.00,0.00,0.00
-9.45,0.00,0.00,0.00
-9.45,0.00,0.00,0.00
-9.46,0.00,0.00,0.00
-9.46,0.00,0.00,0.00
-9.46,0.00,0.00,0.00
-9.46,0.00,0.00,0.00
-9.46,0.00,0.00,0.00
-9.47,0.00,0.00,0.00
-9.47,0.00,0.00,0.00
-9.46,0.00,0.00,0.00
-9.46,0.00,0.00,0.00
-9.46,0.00,0.00,0.00
-9.45,0.00,0.00,0.00
-9.45,0.00,0.00,0.00
-9.45,0.00,0.00,0.00
-9.45,0.00,0.00,0.00
-9.45,0.00,0.00,0.00
-9.45,0.00,0.00,0.00
-9.45,0.00,0.00,0.00
-9.45,0.00,0.00,0.00
-9.45,0.00,0.00,0.00
-9.46,0.00,0.00,0.00
-9.46,0.00,0.00,0.00
-9.46,0.00,0.00,0.00
-9.46,0.00,0.00,0.00
-9.47,0.00,0.00,0.00
-9.46,0.00,0.00,0.00
-9.46,0.00,0.00,0.00
-9.46,0.00,0.00,0.00
-9.46,0.00,0.00,0.00
-9.45,0.00,0.00,0.00
-9.43,0.00,0.00,0.00
-9.45,0.00,0.00,0.00
-9.45,0.00,0.00,0.00
-9.45,0.00,0.00,0.00
-9.45,0.00,0.00,0.00
-9.45,0.00,0.00,0.00
-9.45,0.00,0.00,0.00
-9.45,0.00,0.00,0.00
-9.46,0.00,0.00,0.00
-9.46,0.00,0.00,0.00
-9.46,0.00,0.00,0.00
-9.46,0.00,0.00,0.00
-9.47,0.00,0.00,0.00
-9.46,0.00,0.00,0.00
-9.46,0.00,0.00,0.00
-9.46,0.00,0.00,0.00
-9.45,0.00,0.00,0.00
-9.45,0.00,0.00,0.00
-9.45,0.00,0.00,0.00
-9.45,0.00,0.00,0.00
-9.45,0.00,0.00,0.00
-9.44,0.00,0.00,0.00
-9.45,0.00,0.00,0.00
-9.45,0.00,0.00,0.00
-9.45,0.00,0.00,0.00
-9.45,0.00,0.00,0.00
-9.46,0.00,0.00,0.00
-9.46,0.00,0.00,0.00
-9.46,0.00,0.00,0.00
-9.47,0.00,0.00,0.00
-9.46,0.00,0.00,0.00
-9.46,0.00,0.00,0.00
-9.46,0.00,0.00,0.00
-9.46,0.00,0.00,0.00
-9.45,0.00,0.00,0.00
-9.44,0.00,0.00,0.00
-9.45,0.00,0.00,0.00
-9.44,0.00,0.00,0.00
-9.44,0.00,0.00,0.00
-9.44,0.00,0.00,0.00
-9.45,0.00,0.00,0.00
-9.45,0.00,0.00,0.00
-9.45,0.00,0.00,0.00
-9.45,0.00,0.00,0.00
-9.46,0.00,0.00,0.00
-9.46,0.00,0.00,0.00
-9.46,0.00,0.00,0.00
-9.46,0.00,0.00,0.00
-9.48,0.00,0.00,0.00
-9.46,0.00,0.00,0.00
-9.46,0.00,0.00,0.00
-9.46,0.00,0.00,0.00
-9.45,0.00,0.00,0.00
-9.44,0.00,0.00,0.00
-9.45,0.00,0.00,0.00
-9.44,0.00,0.00,0.00
-9.44,0.00,0.00,0.00
-9.44,0.00,0.00,0.00
-9.45,0.00,0.00,0.00
-9.45,0.00,0.00,0.00
-9.45,0.00,0.00,0.00
-9.46,0.00,0.00,0.00
-9.46,0.00,0.00,0.00
-9.46,0.00,0.00,0.00
-9.46,0.00,0.00,0.00
-9.46,0.00,0.00,0.00
-9.46,0.00,0.00,0.00
-9.45,0.00,0.00,0.00
-9.46,0.00,0.00,0.00
-9.45,0.00,0.00,0.00
-9.47,0.00,0.00,0.00
-9.45,0.00,0.00,0.00
-9.44,0.00,0.00,0.00
-9.44,0.00,0.00,0.00
-9.44,0.00,0.00,0.00
-9.44,0.00,0.00,0.00
-9.44,0.00,0.00,0.00
-9.45,0.00,0.00,0.00
-9.46,0.00,0.00,0.00
-9.46,0.00,0.00,0.00
-9.46,0.00,0.00,0.00
-9.46,0.00,0.00,0.00
-9.46,0.00,0.00,0.00
-9.46,0.00,0.00,0.00
-9.46,0.00,0.00,0.00
-9.46,0.00,0.00,0.00
-9.46,0.00,0.00,0.00
-9.45,0.00,0.00,0.00
-9.45,0.00,0.00,0.00
-9.45,0.00,0.00,0.00
-9.44,0.00,0.00,0.00
-9.44,0.00,0.00,0.00
-9.45,0.00,0.00,0.00
-9.44,0.00,0.00,0.00
-9.45,0.00,0.00,0.00
-9.45,0.00,0.00,0.00
-9.45,0.00,0.00,0.00
-9.45,0.00,0.00,0.00
-9.46,0.00,0.00,0.00
-9.46,0.00,0.00,0.00
-9.46,0.00,0.00,0.00
-9.46,0.00,0.00,0.00
-9.46,0.00,0.00,0.00
-9.47,0.00,0.00,0.00
-9.46,0.00,0.00,0.00
-9.45,0.00,0.00,0.00
-9.45,0.00,0.00,0.00
-9.43,0.00,0.00,0.00
-9.44,0.00,0.00,0.00
-9.44,0.00,0.00,0.00
-9.45,0.00,0.00,0.00
-9.44,0.00,0.00,0.00
-9.45,0.00,0.00,0.00
-9.45,0.00,0.00,0.00
-9.45,0.00,0.00,0.00
-9.46,0.00,0.00,0.00
-9.46,0.00,0.00,0.00
-9.46,0.00,0.00,0.00
-9.20,0.00,0.00,0.00
-9.16,0.00,0.00,0.00
-9.17,0.00,0.00,0.00
-9.17,0.00,0.00,0.00
-9.17,0.00,0.00,0.00
-9.17,0.00,0.00,0.00
-9.17,0.00,0.00,0.00
-9.17,0.00,0.00,0.00
-9.17,0.00,0.00,0.00
-9.16,0.00,0.00,0.00
-9.16,0.00,0.00,0.00
-9.15,0.00,0.00,0.00
-9.15,0.00,0.00,0.00
-9.15,0.00,0.00,0.00
-9.15,0.00,0.00,0.00
-9.15,0.00,0.00,0.00
-9.15,0.00,0.00,0.00
-9.16,0.00,0.00,0.00
-9.16,0.00,0.00,0.00
-9.16,0.00,0.00,0.00
-9.16,0.00,0.00,0.00
-9.16,0.00,0.00,0.00
-9.17,0.00,0.00,0.00
-9.17,0.00,0.00,0.00
-9.17,0.00,0.00,0.00
-9.16,0.00,0.00,0.00
-9.16,0.00,0.00,0.00
-9.16,0.00,0.00,0.00
-9.15,0.00,0.00,0.00
-9.15,0.00,0.00,0.00
-9.14,0.00,0.00,0.00
-9.14,0.00,0.00,0.00
-9.14,0.00,0.00,0.00
-9.15,0.00,0.00,0.00
-9.15,0.00,0.00,0.00
-9.15,0.00,0.00,0.00
-9.15,0.00,0.00,0.00
-9.16,0.00,0.00,0.00
-9.16,0.00,0.00,0.00
-9.16,0.00,0.00,0.00
-9.15,0.00,0.00,0.00
-9.16,0.00,0.00,0.00
-9.16,0.00,0.00,0.00
-9.17,0.00,0.00,0.00
-9.15,0.00,0.00,0.00
-9.15,0.00,0.00,0.00
-9.15,0.00,0.00,0.00
-9.14,0.00,0.00,0.00
-9.14,0.00,0.00,0.00
-9.14,0.00,0.00,0.00
-9.14,0.00,0.00,0.00
-9.13,0.00,0.00,0.00
-9.14,0.00,0.00,0.00
-9.15,0.00,0.00,0.00
-9.15,0.00,0.00,0.00
-9.15,0.00,0.00,0.00
-9.16,0.00,0.00,0.00
-9.16,0.00,0.00,0.00
-9.16,0.00,0.00,0.00
-9.16,0.00,0.00,0.00
-9.15,0.00,0.00,0.00
-9.15,0.00,0.00,0.00
-9.15,0.00,0.00,0.00
-9.14,0.00,0.00,0.00
-9.14,0.00,0.00,0.00
-9.14,0.00,0.00,0.00
-9.14,0.00,0.00,0.00
-9.14,0.00,0.00,0.00
-9.14,0.00,0.00,0.00
-9.14,0.00,0.00,0.00
-9.14,0.00,0.00,0.00
-9.14,0.00,0.00,0.00
-9.14,0.00,0.00,0.00
-9.15,0.00,0.00,0.00
-9.15,0.00,0.00,0.00
-9.15,0.00,0.00,0.00
-9.15,0.00,0.00,0.00
-9.15,0.00,0.00,0.00
-9.15,0.00,0.00,0.00
-9.15,0.00,0.00,0.00
-9.14,0.00,0.00,0.00
-9.14,0.00,0.00,0.00
-9.14,0.00,0.00,0.00
-9.13,0.00,0.00,0.00
-9.13,0.00,0.00,0.00
-9.13,0.00,0.00,0.00
-9.13,0.00,0.00,0.00
-9.13,0.00,0.00,0.00
-9.14,0.00,0.00,0.00
-9.14,0.00,0.00,0.00
-9.13,0.00,0.00,0.00
-9.15,0.00,0.00,0.00
-9.15,0.00,0.00,0.00
-9.15,0.00,0.00,0.00
-9.15,0.00,0.00,0.00
-9.15,0.00,0.00,0.00
-9.15,0.00,0.00,0.00
-9.15,0.00,0.00,0.00
-9.14,0.00,0.00,0.00
-9.13,0.00,0.00,0.00
-9.14,0.00,0.00,0.00
-9.13,0.00,0.00,0.00
-9.13,0.00,0.00,0.00
-9.13,0.00,0.00,0.00
-9.13,0.00,0.00,0.00
-9.13,0.00,0.00,0.00
-9.13,0.00,0.00,0.00
-9.14,0.00,0.00,0.00
-9.14,0.00,0.00,0.00
-9.14,0.00,0.00,0.00
-9.15,0.00,0.00,0.00
-9.15,0.00,0.00,0.00
-9.15,0.00,0.00,0.00
-9.12,0.00,0.00,0.00
-9.15,0.00,0.00,0.00
-9.16,0.00,0.00,0.00
-9.14,0.00,0.00,0.00
-9.14,0.00,0.00,0.00
-9.14,0.00,0.00,0.00
-9.13,0.00,0.00,0.00
-9.13,0.00,0.00,0.00
-9.13,0.00,0.00,0.00
-9.13,0.00,0.00,0.00
-9.13,0.00,0.00,0.00
-9.13,0.00,0.00,0.00
-9.14,0.00,0.00,0.00
-9.14,0.00,0.00,0.00
-9.15,0.00,0.00,0.00
-9.15,0.00,0.00,0.00
-9.15,0.00,0.00,0.00
-9.15,0.00,0.00,0.00
-9.15,0.00,0.00,0.00
-9.15,0.00,0.00,0.00
-9.15,0.00,0.00,0.00
-9.14,0.00,0.00,0.00
-9.14,0.00,0.00,0.00
-9.14,0.00,0.00,0.00
-9.13,0.00,0.00,0.00
-9.13,0.00,0.00,0.00
-9.13,0.00,0.00,0.00
-9.13,0.00,0.00,0.00
-9.13,0.00,0.00,0.00
-9.14,0.00,0.00,0.00
-9.14,0.00,0.00,0.00
-9.14,0.00,0.00,0.00
-9.14,0.00,0.00,0.00
-9.15,0.00,0.00,0.00
-9.15,0.00,0.00,0.00
-9.15,0.00,0.00,0.00
-9.15,0.00,0.00,0.00
-9.15,0.00,0.00,0.00
-9.15,0.00,0.00,0.00
-9.15,0.00,0.00,0.00
-9.14,0.00,0.00,0.00
-9.14,0.00,0.00,0.00
-9.13,0.00,0.00,0.00
-9.13,0.00,0.00,0.00
-9.13,0.00,0.00,0.00
-9.14,0.00,0.00,0.00
-9.14,0.00,0.00,0.00
-9.14,0.00,0.00,0.00
-9.14,0.00,0.00,0.00
-9.15,0.00,0.00,0.00
-9.15,0.00,0.00,0.00
-9.15,0.00,0.00,0.00
-9.15,0.00,0.00,0.00
-9.15,0.00,0.00,0.00
-9.15,0.00,0.00,0.00
-9.15,0.00,0.00,0.00
-9.15,0.00,0.00,0.00
-9.14,0.00,0.00,0.00
-9.14,0.00,0.00,0.00
-9.14,0.00,0.00,0.00
-9.14,0.00,0.00,0.00
-9.13,0.00,0.00,0.00
-9.13,0.00,0.00,0.00
-9.13,0.00,0.00,0.00
-9.14,0.00,0.00,0.00
-9.14,0.00,0.00,0.00
-9.14,0.00,0.00,0.00
-9.15,0.00,0.00,0.00
-9.15,0.00,0.00,0.00
-9.15,0.00,0.00,0.00
-9.16,0.00,0.00,0.00
-9.16,0.00,0.00,0.00
-9.15,0.00,0.00,0.00
-9.15,0.00,0.00,0.00
-9.15,0.00,0.00,0.00
-9.15,0.00,0.00,0.00
-9.14,0.00,0.00,0.00
-9.14,0.00,0.00,0.00
-9.13,0.00,0.00,0.00
-9.14,0.00,0.00,0.00
-9.14,0.00,0.00,0.00
-8.87,0.00,0.00,0.00
-8.87,0.00,0.00,0.00
-8.87,0.00,0.00,0.00
-8.87,0.00,0.00,0.00
-8.88,0.00,0.00,0.00
-8.88,0.00,0.00,0.00
-8.89,0.00,0.00,0.00
-8.89,0.00,0.00,0.00
-8.89,0.00,0.00,0.00
-8.89,0.00,0.00,0.00
-8.89,0.00,0.00,0.00
-8.89,0.00,0.00,0.00
-8.88,0.00,0.00,0.00
-8.88,0.00,0.00,0.00
-8.88,0.00,0.00,0.00
-8.87,0.00,0.00,0.00
-8.87,0.00,0.00,0.00
-8.87,0.00,0.00,0.00
-8.86,0.00,0.00,0.00
-8.87,0.00,0.00,0.00
-8.87,0.00,0.00,0.00
-8.88,0.00,0.00,0.00
-8.88,0.00,0.00,0.00
-8.87,0.00,0.00,0.00
-8.89,0.00,0.00,0.00
-8.89,0.00,0.00,0.00
-8.89,0.00,0.00,0.00
-8.89,0.00,0.00,0.00
-8.89,0.00,0.00,0.00
-8.88,0.00,0.00,0.00
-8.89,0.00,0.00,0.00
-8.88,0.00,0.00,0.00
-8.88,0.00,0.00,0.00
-8.88,0.00,0.00,0.00
-8.87,0.00,0.00,0.00
-8.87,0.00,0.00,0.00
-8.87,0.00,0.00,0.00
-8.87,0.00,0.00,0.00
-8.87,0.00,0.00,0.00
-8.88,0.00,0.00,0.00
-8.88,0.00,0.00,0.00
-8.88,0.00,0.00,0.00
-8.89,0.00,0.00,0.00
-8.89,0.00,0.00,0.00
-8.89,0.00,0.00,0.00
-8.89,0.00,0.00,0.00
-8.89,0.00,0.00,0.00
-8.89,0.00,0.00,0.00
-8.88,0.00,0.00,0.00
-8.88,0.00,0.00,0.00
-8.88,0.00,0.00,0.00
-8.87,0.00,0.00,0.00
-8.88,0.00,0.00,0.00
-8.87,0.00,0.00,0.00
-8.87,0.00,0.00,0.00
-8.87,0.00,0.00,0.00
-8.88,0.00,0.00,0.00
-8.88,0.00,0.00,0.00
-8.88,0.00,0.00,0.00
-8.90,0.00,0.00,0.00
-8.89,0.00,0.00,0.00
-8.89,0.00,0.00,0.00
-8.89,0.00,0.00,0.00
-8.89,0.00,0.00,0.00
-8.89,0.00,0.00,0.00
-8.89,0.00,0.00,0.00
-8.89,0.00,0.00,0.00
-8.88,0.00,0.00,0.00
-8.88,0.00,0.00,0.00
-8.88,0.00,0.00,0.00
-8.88,0.00,0.00,0.00
-8.87,0.00,0.00,0.00
-8.87,0.00,0.00,0.00
-8.88,0.00,0.00,0.00
-8.88,0.00,0.00,0.00
-8.89,0.00,0.00,0.00
-8.90,0.00,0.00,0.00
-8.89,0.00,0.00,0.00
-8.89,0.00,0.00,0.00
-8.89,0.00,0.00,0.00
-8.89,0.00,0.00,0.00
-8.89,0.00,0.00,0.00
-8.89,0.00,0.00,0.00
-8.89,0.00,0.00,0.00
-8.87,0.00,0.00,0.00
-8.88,0.00,0.00,0.00
-8.88,0.00,0.00,0.00
-8.88,0.00,0.00,0.00
-8.87,0.00,0.00,0.00
-8.87,0.00,0.00,0.00
-8.87,0.00,0.00,0.00
-8.88,0.00,0.00,0.00
-8.88,0.00,0.00,0.00
-8.88,0.00,0.00,0.00
-8.88,0.00,0.00,0.00
-8.89,0.00,0.00,0.00
-8.89,0.00,0.00,0.00
-8.89,0.00,0.00,0.00
-8.89,0.00,0.00,0.00
-8.89,0.00,0.00,0.00
-8.89,0.00,0.00,0.00
-8.89,0.00,0.00,0.00
-8.89,0.00,0.00,0.00
-8.88,0.00,0.00,0.00
-8.88,0.00,0.00,0.00
-8.88,0.00,0.00,0.00
-8.87,0.00,0.00,0.00
-8.87,0.00,0.00,0.00
-8.87,0.00,0.00,0.00
-8.88,0.00,0.00,0.00
-8.88,0.00,0.00,0.00
-8.88,0.00,0.00,0.00
-8.89,0.00,0.00,0.00
-8.89,0.00,0.00,0.00
-8.89,0.00,0.00,0.00
-8.89,0.00,0.00,0.00
-8.89,0.00,0.00,0.00
-8.89,0.00,0.00,0.00
-8.89,0.00,0.00,0.00
-8.89,0.00,0.00,0.00
-8.88,0.00,0.00,0.00
-8.88,0.00,0.00,0.00
-8.88,0.00,0.00,0.00
-8.87,0.00,0.00,0.00
-8.87,0.00,0.00,0.00
-8.87,0.00,0.00,0.00
-8.87,0.00,0.00,0.00
-8.88,0.00,0.00,0.00
-8.88,0.00,0.00,0.00
-8.90,0.00,0.00,0.00
-8.89,0.00,0.00,0.00
-8.89,0.00,0.00,0.00
-8.89,0.00,0.00,0.00
-8.89,0.00,0.00,0.00
-8.89,0.00,0.00,0.00
-8.89,0.00,0.00,0.00
-8.89,0.00,0.00,0.00
-8.89,0.00,0.00,0.00
-8.88,0.00,0.00,0.00
-8.88,0.00,0.00,0.00
-8.87,0.00,0.00,0.00
-8.87,0.00,0.00,0.00
-8.87,0.00,0.00,0.00
-8.86,0.00,0.00,0.00
-8.87,0.00,0.00,0.00
-8.88,0.00,0.00,0.00
-8.88,0.00,0.00,0.00
-8.88,0.00,0.00,0.00
-8.88,0.00,0.00,0.00
-8.89,0.00,0.00,0.00
-8.88,0.00,0.00,0.00
-8.89,0.00,0.00,0.00
-8.89,0.00,0.00,0.00
-8.89,0.00,0.00,0.00
-8.89,0.00,0.00,0.00
-8.88,0.00,0.00,0.00
-8.88,0.00,0.00,0.00
-8.88,0.00,0.00,0.00
-8.87,0.00,0.00,0.00
-8.87,0.00,0.00,0.00
-8.87,0.00,0.00,0.00
-8.87,0.00,0.00,0.00
-8.87,0.00,0.00,0.00
-8.88,0.00,0.00,0.00
-8.88,0.00,0.00,0.00
-8.88,0.00,0.00,0.00
-8.88,0.00,0.00,0.00
-8.89,0.00,0.00,0.00
-8.89,0.00,0.00,0.00
-8.89,0.00,0.00,0.00
-8.89,0.00,0.00,0.00
-8.89,0.00,0.00,0.00
-8.89,0.00,0.00,0.00
-8.88,0.00,0.00,0.00
-8.88,0.00,0.00,0.00
-8.87,0.00,0.00,0.00
-8.87,0.00,0.00,0.00
-8.87,0.00,0.00,0.00
-8.87,0.00,0.00,0.00
-8.87,0.00,0.00,0.00
-8.88,0.00,0.00,0.00
-8.88,0.00,0.00,0.00
-8.88,0.00,0.00,0.00
-8.88,0.00,0.00,0.00
-8.89,0.00,0.00,0.00
-8.89,0.00,0.00,0.00
-8.89,0.00,0.00,0.00
-8.89,0.00,0.00,0.00
-8.89,0.00,0.00,0.00
-8.89,0.00,0.00,0.00
-8.87,0.00,0.00,0.00
-8.88,0.00,0.00,0.00
-8.88,0.00,0.00,0.00
-8.87,0.00,0.00,0.00
-8.87,0.00,0.00,0.00
-8.87,0.00,0.00,0.00
-8.87,0.00,0.00,0.00
-8.87,0.00,0.00,0.00
-8.76,0.00,0.00,0.00
-8.76,0.00,0.00,0.00
-8.76,0.00,0.00,0.00
-8.76,0.00,0.00,0.00
-8.76,0.00,0.00,0.00
-8.76,0.00,0.00,0.00
-8.75,0.00,0.00,0.00
-8.75,0.00,0.00,0.00
-8.75,0.00,0.00,0.00
-8.74,0.00,0.00,0.00
-8.74,0.00,0.00,0.00
-8.74,0.00,0.00,0.00
-8.74,0.00,0.00,0.00
-8.75,0.00,0.00,0.00
-8.75,0.00,0.00,0.00
-8.75,0.00,0.00,0.00
-8.76,0.00,0.00,0.00
-8.76,0.00,0.00,0.00
-8.76,0.00,0.00,0.00
-8.76,0.00,0.00,0.00
-8.76,0.00,0.00,0.00
-8.76,0.00,0.00,0.00
-8.76,0.00,0.00,0.00
-8.75,0.00,0.00,0.00
-8.75,0.00,0.00,0.00
-8.75,0.00,0.00,0.00
-8.74,0.00,0.00,0.00
-8.74,0.00,0.00,0.00
-8.74,0.00,0.00,0.00
-8.74,0.00,0.00,0.00
-8.74,0.00,0.00,0.00
-8.74,0.00,0.00,0.00
-8.75,0.00,0.00,0.00
-8.75,0.00,0.00,0.00
-8.76,0.00,0.00,0.00
-8.76,0.00,0.00,0.00
-8.76,0.00,0.00,0.00
-8.76,0.00,0.00,0.00
-8.76,0.00,0.00,0.00
-8.76,0.00,0.00,0.00
-8.76,0.00,0.00,0.00
-8.75,0.00,0.00,0.00
-8.75,0.00,0.00,0.00
-8.75,0.00,0.00,0.00
-8.74,0.00,0.00,0.00
-8.74,0.00,0.00,0.00
-8.73,0.00,0.00,0.00
-8.74,0.00,0.00,0.00
-8.74,0.00,0.00,0.00
-8.74,0.00,0.00,0.00
-8.75,0.00,0.00,0.00
-8.75,0.00,0.00,0.00
-8.75,0.00,0.00,0.00
-8.76,0.00,0.00,0.00
-8.76,0.00,0.00,0.00
-8.76,0.00,0.00,0.00
-8.76,0.00,0.00,0.00
-8.76,0.00,0.00,0.00
-8.76,0.00,0.00,0.00
-8.74,0.00,0.00,0.00
-8.75,0.00,0.00,0.00
-8.75,0.00,0.00,0.00
-8.74,0.00,0.00,0.00
-8.74,0.00,0.00,0.00
-8.74,0.00,0.00,0.00
-8.74,0.00,0.00,0.00
-8.74,0.00,0.00,0.00
-8.75,0.00,0.00,0.00
-8.74,0.00,0.00,0.00
-8.76,0.00,0.00,0.00
-8.75,0.00,0.00,0.00
-8.75,0.00,0.00,0.00
-8.76,0.00,0.00,0.00
-8.76,0.00,0.00,0.00
-8.74,0.00,0.00,0.00
-8.76,0.00,0.00,0.00
-8.75,0.00,0.00,0.00
-8.75,0.00,0.00,0.00
-8.75,0.00,0.00,0.00
-8.74,0.00,0.00,0.00
-8.74,0.00,0.00,0.00
-8.74,0.00,0.00,0.00
-8.74,0.00,0.00,0.00
-8.74,0.00,0.00,0.00
-8.74,0.00,0.00,0.00
-8.73,0.00,0.00,0.00
-8.75,0.00,0.00,0.00
-8.75,0.00,0.00,0.00
-8.76,0.00,0.00,0.00
-8.76,0.00,0.00,0.00
-8.76,0.00,0.00,0.00
-8.76,0.00,0.00,0.00
-8.76,0.00,0.00,0.00
-8.76,0.00,0.00,0.00
-8.75,0.00,0.00,0.00
-8.75,0.00,0.00,0.00
-8.75,0.00,0.00,0.00
-8.74,0.00,0.00,0.00
-8.74,0.00,0.00,0.00
-8.74,0.00,0.00,0.00
-8.74,0.00,0.00,0.00
-8.74,0.00,0.00,0.00
-8.75,0.00,0.00,0.00
-8.73,0.00,0.00,0.00
-8.75,0.00,0.00,0.00
-8.75,0.00,0.00,0.00
-8.76,0.00,0.00,0.00
-8.76,0.00,0.00,0.00
-8.76,0.00,0.00,0.00
-8.76,0.00,0.00,0.00
-8.76,0.00,0.00,0.00
-8.76,0.00,0.00,0.00
-8.75,0.00,0.00,0.00
-8.75,0.00,0.00,0.00
-8.75,0.00,0.00,0.00
-8.73,0.00,0.00,0.00
-8.74,0.00,0.00,0.00
-8.74,0.00,0.00,0.00
-8.74,0.00,0.00,0.00
-8.74,0.00,0.00,0.00
-8.74,0.00,0.00,0.00
-8.75,0.00,0.00,0.00
-8.75,0.00,0.00,0.00
-8.75,0.00,0.00,0.00
-8.76,0.00,0.00,0.00
-8.76,0.00,0.00,0.00
-8.76,0.00,0.00,0.00
-8.77,0.00,0.00,0.00
-8.76,0.00,0.00,0.00
-8.76,0.00,0.00,0.00
-8.76,0.00,0.00,0.00
-8.75,0.00,0.00,0.00
-8.75,0.00,0.00,0.00
-8.75,0.00,0.00,0.00
-8.74,0.00,0.00,0.00
-8.74,0.00,0.00,0.00
-8.74,0.00,0.00,0.00
-8.75,0.00,0.00,0.00
-8.74,0.00,0.00,0.00
-8.75,0.00,0.00,0.00
-8.75,0.00,0.00,0.00
-8.75,0.00,0.00,0.00
-8.76,0.00,0.00,0.00
-8.76,0.00,0.00,0.00
-8.76,0.00,0.00,0.00
-8.75,0.00,0.00,0.00
-8.76,0.00,0.00,0.00
-8.75,0.00,0.00,0.00
-8.75,0.00,0.00,0.00
-8.75,0.00,0.00,0.00
-8.75,0.00,0.00,0.00
-8.75,0.00,0.00,0.00
-8.74,0.00,0.00,0.00
-8.74,0.00,0.00,0.00
-8.74,0.00,0.00,0.00
-8.73,0.00,0.00,0.00
-8.74,0.00,0.00,0.00
-8.75,0.00,0.00,0.00
-8.76,0.00,0.00,0.00
-8.75,0.00,0.00,0.00
-8.76,0.00,0.00,0.00
-8.76,0.00,0.00,0.00
-8.76,0.00,0.00,0.00
-8.76,0.00,0.00,0.00
-8.76,0.00,0.00,0.00
-8.76,0.00,0.00,0.00
-8.75,0.00,0.00,0.00
-8.75,0.00,0.00,0.00
-8.75,0.00,0.00,0.00
-8.75,0.00,0.00,0.00
-8.74,0.00,0.00,0.00
-8.74,0.00,0.00,0.00
-8.74,0.00,0.00,0.00
-8.74,0.00,0.00,0.00
-8.75,0.00,0.00,0.00
-8.75,0.00,0.00,0.00
-8.75,0.00,0.00,0.00
-8.75,0.00,0.00,0.00
-8.76,0.00,0.00,0.00
-8.76,0.00,0.00,0.00
-8.76,0.00,0.00,0.00
-8.76,0.00,0.00,0.00
-8.76,0.00,0.00,0.00
-8.75,0.00,0.00,0.00
-8.75,0.00,0.00,0.00
-8.75,0.00,0.00,0.00
-8.73,0.00,0.00,0.00
-8.74,0.00,0.00,0.00
-8.74,0.00,0.00,0.00
-8.74,0.00,0.00,0.00
-8.74,0.00,0.00,0.00
-8.74,0.00,0.00,0.00
-8.74,0.00,0.00,0.00
-8.74,0.00,0.00,0.00
-8.66,0.00,0.00,0.00
-8.64,0.00,0.00,0.00
-8.64,0.00,0.00,0.00
-8.64,0.00,0.00,0.00
-8.64,0.00,0.00,0.00
-8.64,0.00,0.00,0.00
-8.65,0.00,0.00,0.00
-8.65,0.00,0.00,0.00
-8.66,0.00,0.00,0.00
-8.66,0.00,0.00,0.00
-8.66,0.00,0.00,0.00
-8.66,0.00,0.00,0.00
-8.65,0.00,0.00,0.00
-8.65,0.00,0.00,0.00
-8.65,0.00,0.00,0.00
-8.64,0.00,0.00,0.00
-8.64,0.00,0.00,0.00
-8.64,0.00,0.00,0.00
-8.64,0.00,0.00,0.00
-8.64,0.00,0.00,0.00
-8.64,0.00,0.00,0.00
-8.64,0.00,0.00,0.00
-8.64,0.00,0.00,0.00
-8.65,0.00,0.00,0.00
-8.65,0.00,0.00,0.00
-8.65,0.00,0.00,0.00
-8.66,0.00,0.00,0.00
-8.66,0.00,0.00,0.00
-8.66,0.00,0.00,0.00
-8.66,0.00,0.00,0.00
-8.65,0.00,0.00,0.00
-8.65,0.00,0.00,0.00
-8.65,0.00,0.00,0.00
-8.64,0.00,0.00,0.00
-8.64,0.00,0.00,0.00
-8.64,0.00,0.00,0.00
-8.64,0.00,0.00,0.00
-8.64,0.00,0.00,0.00
-8.63,0.00,0.00,0.00
-8.64,0.00,0.00,0.00
-8.64,0.00,0.00,0.00
-8.65,0.00,0.00,0.00
-8.65,0.00,0.00,0.00
-8.65,0.00,0.00,0.00
-8.66,0.00,0.00,0.00
-8.66,0.00,0.00,0.00
-8.66,0.00,0.00,0.00
-8.66,0.00,0.00,0.00
-8.66,0.00,0.00,0.00
-8.65,0.00,0.00,0.00
-8.65,0.00,0.00,0.00
-8.64,0.00,0.00,0.00
-8.64,0.00,0.00,0.00
-8.64,0.00,0.00,0.00
-8.64,0.00,0.00,0.00
-8.64,0.00,0.00,0.00
-8.64,0.00,0.00,0.00
-8.64,0.00,0.00,0.00
-8.64,0.00,0.00,0.00
-8.65,0.00,0.00,0.00
-8.65,0.00,0.00,0.00
-8.65,0.00,0.00,0.00
-8.66,0.00,0.00,0.00
-8.65,0.00,0.00,0.00
-8.66,0.00,0.00,0.00
-8.66,0.00,0.00,0.00
-8.65,0.00,0.00,0.00
-8.65,0.00,0.00,0.00
-8.65,0.00,0.00,0.00
-8.64,0.00,0.00,0.00
-8.63,0.00,0.00,0.00
-8.64,0.00,0.00,0.00
-8.63,0.00,0.00,0.00
-8.64,0.00,0.00,0.00
-8.64,0.00,0.00,0.00
-8.64,0.00,0.00,0.00
-8.64,0.00,0.00,0.00
-8.65,0.00,0.00,0.00
-8.65,0.00,0.00,0.00
-8.65,0.00,0.00,0.00
-8.65,0.00,0.00,0.00
-8.66,0.00,0.00,0.00
-8.66,0.00,0.00,0.00
-8.67,0.00,0.00,0.00
-8.66,0.00,0.00,0.00
-8.65,0.00,0.00,0.00
-8.65,0.00,0.00,0.00
-8.64,0.00,0.00,0.00
-8.64,0.00,0.00,0.00
-8.64,0.00,0.00,0.00
-8.64,0.00,0.00,0.00
-8.64,0.00,0.00,0.00
-8.64,0.00,0.00,0.00
-8.64,0.00,0.00,0.00
-8.64,0.00,0.00,0.00
-8.65,0.00,0.00,0.00
-8.65,0.00,0.00,0.00
-8.65,0.00,0.00,0.00
-8.66,0.00,0.00,0.00
-8.66,0.00,0.00,0.00
-8.66,0.00,0.00,0.00
-8.66,0.00,0.00,0.00
-8.65,0.00,0.00,0.00
-8.65,0.00,0.00,0.00
-8.64,0.00,0.00,0.00
-8.64,0.00,0.00,0.00
-8.64,0.00,0.00,0.00
-8.64,0.00,0.00,0.00
-8.64,0.00,0.00,0.00
-8.64,0.00,0.00,0.00
-8.64,0.00,0.00,0.00
-8.64,0.00,0.00,0.00
-8.64,0.00,0.00,0.00
-8.65,0.00,0.00,0.00
-8.65,0.00,0.00,0.00
-8.65,0.00,0.00,0.00
-8.66,0.00,0.00,0.00
-8.66,0.00,0.00,0.00
-8.67,0.00,0.00,0.00
-8.66,0.00,0.00,0.00
-8.65,0.00,0.00,0.00
-8.65,0.00,0.00,0.00
-8.64,0.00,0.00,0.00
-8.64,0.00,0.00,0.00
-8.64,0.00,0.00,0.00
-8.64,0.00,0.00,0.00
-8.63,0.00,0.00,0.00
-8.64,0.00,0.00,0.00
-8.64,0.00,0.00,0.00
-8.64,0.00,0.00,0.00
-8.64,0.00,0.00,0.00
-8.65,0.00,0.00,0.00
-8.65,0.00,0.00,0.00
-8.66,0.00,0.00,0.00
-8.65,0.00,0.00,0.00
-8.66,0.00,0.00,0.00
-8.66,0.00,0.00,0.00
-8.65,0.00,0.00,0.00
-8.65,0.00,0.00,0.00
-8.66,0.00,0.00,0.00
-8.64,0.00,0.00,0.00
-8.64,0.00,0.00,0.00
-8.64,0.00,0.00,0.00
-8.64,0.00,0.00,0.00
-8.63,0.00,0.00,0.00
-8.64,0.00,0.00,0.00
-8.64,0.00,0.00,0.00
-8.64,0.00,0.00,0.00
-8.64,0.00,0.00,0.00
-8.65,0.00,0.00,0.00
-8.65,0.00,0.00,0.00
-8.65,0.00,0.00,0.00
-8.66,0.00,0.00,0.00
-8.65,0.00,0.00,0.00
-8.66,0.00,0.00,0.00
-8.65,0.00,0.00,0.00
-8.65,0.00,0.00,0.00
-8.64,0.00,0.00,0.00
-8.64,0.00,0.00,0.00
-8.64,0.00,0.00,0.00
-8.64,0.00,0.00,0.00
-8.64,0.00,0.00,0.00
-8.63,0.00,0.00,0.00
-8.63,0.00,0.00,0.00
-8.64,0.00,0.00,0.00
-8.64,0.00,0.00,0.00
-8.64,0.00,0.00,0.00
-8.64,0.00,0.00,0.00
-8.66,0.00,0.00,0.00
-8.65,0.00,0.00,0.00
-8.66,0.00,0.00,0.00
-8.66,0.00,0.00,0.00
-8.66,0.00,0.00,0.00
-8.65,0.00,0.00,0.00
-8.65,0.00,0.00,0.00
-8.64,0.00,0.00,0.00
-8.64,0.00,0.00,0.00
-8.64,0.00,0.00,0.00
-8.64,0.00,0.00,0.00
-8.63,0.00,0.00,0.00
-8.63,0.00,0.00,0.00
-8.64,0.00,0.00,0.00
-8.64,0.00,0.00,0.00
-8.64,0.00,0.00,0.00
-8.64,0.00,0.00,0.00
-8.65,0.00,0.00,0.00
-8.64,0.00,0.00,0.00
-8.65,0.00,0.00,0.00
-8.66,0.00,0.00,0.00
-8.66,0.00,0.00,0.00
-8.65,0.00,0.00,0.00
-8.65,0.00,0.00,0.00
-8.65,0.00,0.00,0.00
-8.65,0.00,0.00,0.00
-8.64,0.00,0.00,0.00
-8.64,0.00,0.00,0.00
-8.64,0.00,0.00,0.00
-8.63,0.00,0.00,0.00
-8.65,0.00,0.00,0.00
-8.64,0.00,0.00,0.00
-8.64,0.00,0.00,0.00
-8.63,0.00,0.00,0.00
-8.64,0.00,0.00,0.00
-8.64,0.00,0.00,0.00
-8.64,0.00,0.00,0.00
-8.65,0.00,0.00,0.00
-8.65,0.00,0.00,0.00
-8.65,0.00,0.00,0.00
-8.66,0.00,0.00,0.00
-8.66,0.00,0.00,0.00
-8.66,0.00,0.00,0.00
-8.66,0.00,0.00,0.00
-8.66,0.00,0.00,0.00
-8.66,0.00,0.00,0.00
-8.65,0.00,0.00,0.00
-8.65,0.00,0.00,0.00
-8.65,0.00,0.00,0.00
-8.64,0.00,0.00,0.00
-8.64,0.00,0.00,0.00
-8.64,0.00,0.00,0.00
-8.64,0.00,0.00,0.00
-8.64,0.00,0.00,0.00
-8.64,0.00,0.00,0.00
-8.65,0.00,0.00,0.00
-8.65,0.00,0.00,0.00
-8.65,0.00,0.00,0.00
-8.66,0.00,0.00,0.00
-8.66,0.00,0.00,0.00
-8.66,0.00,0.00,0.00
-8.66,0.00,0.00,0.00
-8.66,0.00,0.00,0.00
-8.66,0.00,0.00,0.00
-8.65,0.00,0.00,0.00
-8.64,0.00,0.00,0.00
-8.64,0.00,0.00,0.00
-8.64,0.00,0.00,0.00
-8.64,0.00,0.00,0.00
-8.64,0.00,0.00,0.00
-8.64,0.00,0.00,0.00
-8.64,0.00,0.00,0.00
-8.65,0.00,0.00,0.00
-8.65,0.00,0.00,0.00
-8.65,0.00,0.00,0.00
-8.66,0.00,0.00,0.00
-8.66,0.00,0.00,0.00
-8.66,0.00,0.00,0.00
-8.66,0.00,0.00,0.00
-8.66,0.00,0.00,0.00
-8.66,0.00,0.00,0.00
-8.65,0.00,0.00,0.00
-8.65,0.00,0.00,0.00
-8.65,0.00,0.00,0.00
-8.64,0.00,0.00,0.00
-8.64,0.00,0.00,0.00
-8.64,0.00,0.00,0.00
-8.64,0.00,0.00,0.00
-8.64,0.00,0.00,0.00
-8.64,0.00,0.00,0.00
-8.64,0.00,0.00,0.00
-8.65,0.00,0.00,0.00
-8.65,0.00,0.00,0.00
-8.65,0.00,0.00,0.00
-8.65,0.00,0.00,0.00
-8.66,0.00,0.00,0.00
-8.66,0.00,0.00,0.00
-8.66,0.00,0.00,0.00
-8.65,0.00,0.00,0.00
-8.65,0.00,0.00,0.00
-8.65,0.00,0.00,0.00
-8.65,0.00,0.00,0.00
-8.64,0.00,0.00,0.00
-8.64,0.00,0.00,0.00
-8.64,0.00,0.00,0.00
-8.64,0.00,0.00,0.00
-8.66,0.00,0.00,0.00
-8.64,0.00,0.00,0.00
-8.64,0.00,0.00,0.00
-8.65,0.00,0.00,0.00
-8.65,0.00,0.00,0.00
-8.65,0.00,0.00,0.00
-8.66,0.00,0.00,0.00
-8.66,0.00,0.00,0.00
-8.67,0.00,0.00,0.00
-8.66,0.00,0.00,0.00
-8.66,0.00,0.00,0.00
-8.66,0.00,0.00,0.00
-8.65,0.00,0.00,0.00
-8.65,0.00,0.00,0.00
-8.64,0.00,0.00,0.00
-8.64,0.00,0.00,0.00
-8.64,0.00,0.00,0.00
-8.64,0.00,0.00,0.00
-8.64,0.00,0.00,0.00
-8.64,0.00,0.00,0.00
-8.64,0.00,0.00,0.00
-8.65,0.00,0.00,0.00
-8.65,0.00,0.00,0.00
-8.65,0.00,0.00,0.00
-8.66,0.00,0.00,0.00
-8.66,0.00,0.00,0.00
-8.66,0.00,0.00,0.00
-8.66,0.00,0.00,0.00
-8.66,0.00,0.00,0.00
-8.65,0.00,0.00,0.00
-8.65,0.00,0.00,0.00
-8.65,0.00,0.00,0.00
-8.64,0.00,0.00,0.00
-8.64,0.00,0.00,0.00
-8.64,0.00,0.00,0.00
-8.64,0.00,0.00,0.00
-8.66,0.00,0.00,0.00
-8.64,0.00,0.00,0.00
-8.64,0.00,0.00,0.00
-8.65,0.00,0.00,0.00
-8.65,0.00,0.00,0.00
-8.66,0.00,0.00,0.00
-8.66,0.00,0.00,0.00
-8.66,0.00,0.00,0.00
-8.66,0.00,0.00,0.00
-8.66,0.00,0.00,0.00
-8.66,0.00,0.00,0.00
-8.65,0.00,0.00,0.00
-8.65,0.00,0.00,0.00
-8.65,0.00,0.00,0.00
-8.65,0.00,0.00,0.00
-8.64,0.00,0.00,0.00
-8.64,0.00,0.00,0.00
-8.63,0.00,0.00,0.00
-8.64,0.00,0.00,0.00
-8.64,0.00,0.00,0.00
-8.65,0.00,0.00,0.00
-8.65,0.00,0.00,0.00
-8.65,0.00,0.00,0.00
-8.66,0.00,0.00,0.00
-8.66,0.00,0.00,0.00
-8.66,0.00,0.00,0.00
-8.66,0.00,0.00,0.00
-8.66,0.00,0.00,0.00
-8.65,0.00,0.00,0.00
-8.65,0.00,0.00,0.00
-8.66,0.00,0.00,0.00
-8.64,0.00,0.00,0.00
-8.64,0.00,0.00,0.00
-8.64,0.00,0.00,0.00
-8.64,0.00,0.00,0.00
-8.64,0.00,0.00,0.00
-8.64,0.00,0.00,0.00
-8.64,0.00,0.00,0.00
-8.64,0.00,0.00,0.00
-8.65,0.00,0.00,0.00
-8.66,0.00,0.00,0.00
-8.66,0.00,0.00,0.00
-8.66,0.00,0.00,0.00
-8.66,0.00,0.00,0.00
-8.66,0.00,0.00,0.00
-8.66,0.00,0.00,0.00
-8.65,0.00,0.00,0.00
-8.64,0.00,0.00,0.00
-8.64,0.00,0.00,0.00
-8.64,0.00,0.00,0.00
-8.64,0.00,0.00,0.00
-8.64,0.00,0.00,0.00
-8.64,0.00,0.00,0.00
-8.64,0.00,0.00,0.00
-8.64,0.00,0.00,0.00
-8.64,0.00,0.00,0.00
-8.64,0.00,0.00,0.00
-8.65,0.00,0.00,0.00
-8.65,0.00,0.00,0.00
-8.66,0.00,0.00,0.00
-8.66,0.00,0.00,0.00
-8.66,0.00,0.00,0.00
-8.66,0.00,0.00,0.00
-8.66,0.00,0.00,0.00
-8.65,0.00,0.00,0.00
-8.65,0.00,0.00,0.00
-8.65,0.00,0.00,0.00
-8.64,0.00,0.00,0.00
-8.64,0.00,0.00,0.00
-8.64,0.00,0.00,0.00
-8.64,0.00,0.00,0.00
-8.64,0.00,0.00,0.00
-8.64,0.00,0.00,0.00
-8.65,0.00,0.00,0.00
-8.65,0.00,0.00,0.00
-8.66,0.00,0.00,0.00
-8.65,0.00,0.00,0.00
-8.66,0.00,0.00,0.00
-8.66,0.00,0.00,0.00
-8.65,0.00,0.00,0.00
-8.66,0.00,0.00,0.00
-8.65,0.00,0.00,0.00
-8.65,0.00,0.00,0.00
-8.66,0.00,0.00,0.00
-8.64,0.00,0.00,0.00
-8.55,0.00,0.00,0.00
-8.55,0.00,0.00,0.00
-8.54,0.00,0.00,0.00
-8.54,0.00,0.00,0.00
-8.53,0.00,0.00,0.00
-8.53,0.00,0.00,0.00
-8.53,0.00,0.00,0.00
-8.52,0.00,0.00,0.00
-8.53,0.00,0.00,0.00
-8.53,0.00,0.00,0.00
-8.53,0.00,0.00,0.00
-8.53,0.00,0.00,0.00
-8.54,0.00,0.00,0.00
-8.54,0.00,0.00,0.00
-8.54,0.00,0.00,0.00
-8.55,0.00,0.00,0.00
-8.55,0.00,0.00,0.00
-8.55,0.00,0.00,0.00
-8.54,0.00,0.00,0.00
-8.54,0.00,0.00,0.00
-8.54,0.00,0.00,0.00
-8.53,0.00,0.00,0.00
-8.53,0.00,0.00,0.00
-8.53,0.00,0.00,0.00
-8.53,0.00,0.00,0.00
-8.53,0.00,0.00,0.00
-8.53,0.00,0.00,0.00
-8.53,0.00,0.00,0.00
-8.53,0.00,0.00,0.00
-8.53,0.00,0.00,0.00
-8.54,0.00,0.00,0.00
-8.55,0.00,0.00,0.00
-8.55,0.00,0.00,0.00
-8.55,0.00,0.00,0.00
-8.55,0.00,0.00,0.00
-8.55,0.00,0.00,0.00
-8.55,0.00,0.00,0.00
-8.54,0.00,0.00,0.00
-8.56,0.00,0.00,0.00
-8.54,0.00,0.00,0.00
-8.54,0.00,0.00,0.00
-8.53,0.00,0.00,0.00
-8.53,0.00,0.00,0.00
-8.53,0.00,0.00,0.00
-8.53,0.00,0.00,0.00
-8.54,0.00,0.00,0.00
-8.54,0.00,0.00,0.00
-8.54,0.00,0.00,0.00
-8.55,0.00,0.00,0.00
-8.55,0.00,0.00,0.00
-8.55,0.00,0.00,0.00
-8.55,0.00,0.00,0.00
-8.55,0.00,0.00,0.00
-8.55,0.00,0.00,0.00
-8.55,0.00,0.00,0.00
-8.55,0.00,0.00,0.00
-8.55,0.00,0.00,0.00
-8.54,0.00,0.00,0.00
-8.54,0.00,0.00,0.00
-8.54,0.00,0.00,0.00
-8.53,0.00,0.00,0.00
-8.53,0.00,0.00,0.00
-8.53,0.00,0.00,0.00
-8.54,0.00,0.00,0.00
-8.53,0.00,0.00,0.00
-8.54,0.00,0.00,0.00
-8.55,0.00,0.00,0.00
-8.55,0.00,0.00,0.00
-8.55,0.00,0.00,0.00
-8.55,0.00,0.00,0.00
-8.56,0.00,0.00,0.00
-8.55,0.00,0.00,0.00
-8.55,0.00,0.00,0.00
-8.55,0.00,0.00,0.00
-8.55,0.00,0.00,0.00
-8.54,0.00,0.00,0.00
-8.54,0.00,0.00,0.00
-8.54,0.00,0.00,0.00
-8.53,0.00,0.00,0.00
-8.53,0.00,0.00,0.00
-8.54,0.00,0.00,0.00
-8.54,0.00,0.00,0.00
-8.54,0.00,0.00,0.00
-8.55,0.00,0.00,0.00
-8.55,0.00,0.00,0.00
-8.57,0.00,0.00,0.00
-8.57,0.00,0.00,0.00
-8.55,0.00,0.00,0.00
-8.56,0.00,0.00,0.00
-8.56,0.00,0.00,0.00
-8.55,0.00,0.00,0.00
-8.54,0.00,0.00,0.00
-8.55,0.00,0.00,0.00
-8.54,0.00,0.00,0.00
-8.54,0.00,0.00,0.00
-8.53,0.00,0.00,0.00
-8.54,0.00,0.00,0.00
-8.53,0.00,0.00,0.00
-8.54,0.00,0.00,0.00
-8.54,0.00,0.00,0.00
-8.54,0.00,0.00,0.00
-8.55,0.00,0.00,0.00
-8.55,0.00,0.00,0.00
-8.55,0.00,0.00,0.00
-8.56,0.00,0.00,0.00
-8.56,0.00,0.00,0.00
-8.56,0.00,0.00,0.00
-8.54,0.00,0.00,0.00
-8.55,0.00,0.00,0.00
-8.55,0.00,0.00,0.00
-8.55,0.00,0.00,0.00
-8.54,0.00,0.00,0.00
-8.54,0.00,0.00,0.00
-8.54,0.00,0.00,0.00
-8.54,0.00,0.00,0.00
-8.54,0.00,0.00,0.00
-8.54,0.00,0.00,0.00
-8.54,0.00,0.00,0.00
-8.54,0.00,0.00,0.00
-8.55,0.00,0.00,0.00
-8.55,0.00,0.00,0.00
-8.55,0.00,0.00,0.00
-8.56,0.00,0.00,0.00
-8.56,0.00,0.00,0.00
-8.56,0.00,0.00,0.00
-8.56,0.00,0.00,0.00
-8.56,0.00,0.00,0.00
-8.55,0.00,0.00,0.00
-8.55,0.00,0.00,0.00
-8.54,0.00,0.00,0.00
-8.54,0.00,0.00,0.00
-8.54,0.00,0.00,0.00
-8.54,0.00,0.00,0.00
-8.54,0.00,0.00,0.00
-8.53,0.00,0.00,0.00
-8.54,0.00,0.00,0.00
-8.55,0.00,0.00,0.00
-8.55,0.00,0.00,0.00
-8.55,0.00,0.00,0.00
-8.56,0.00,0.00,0.00
-8.56,0.00,0.00,0.00
-8.56,0.00,0.00,0.00
-8.56,0.00,0.00,0.00
-8.56,0.00,0.00,0.00
-8.55,0.00,0.00,0.00
-8.56,0.00,0.00,0.00
-8.55,0.00,0.00,0.00
-8.54,0.00,0.00,0.00
-8.54,0.00,0.00,0.00
-8.54,0.00,0.00,0.00
-8.54,0.00,0.00,0.00
-8.54,0.00,0.00,0.00
-8.53,0.00,0.00,0.00
-8.54,0.00,0.00,0.00
-8.55,0.00,0.00,0.00
-8.55,0.00,0.00,0.00
-8.55,0.00,0.00,0.00
-8.56,0.00,0.00,0.00
-8.56,0.00,0.00,0.00
-8.56,0.00,0.00,0.00
-8.56,0.00,0.00,0.00
-8.56,0.00,0.00,0.00
-8.55,0.00,0.00,0.00
-8.55,0.00,0.00,0.00
-8.55,0.00,0.00,0.00
-8.55,0.00,0.00,0.00
-8.54,0.00,0.00,0.00
-8.54,0.00,0.00,0.00
-8.54,0.00,0.00,0.00
-8.54,0.00,0.00,0.00
-8.54,0.00,0.00,0.00
-8.55,0.00,0.00,0.00
-8.55,0.00,0.00,0.00
-8.54,0.00,0.00,0.00
-8.56,0.00,0.00,0.00
-8.56,0.00,0.00,0.00
-8.56,0.00,0.00,0.00
-8.56,0.00,0.00,0.00
-8.56,0.00,0.00,0.00
-8.56,0.00,0.00,0.00
-8.56,0.00,0.00,0.00
-8.55,0.00,0.00,0.00
-8.55,0.00,0.00,0.00
-8.55,0.00,0.00,0.00
-8.55,0.00,0.00,0.00
-8.54,0.00,0.00,0.00
-8.54,0.00,0.00,0.00
-8.54,0.00,0.00,0.00
-8.55,0.00,0.00,0.00
-8.55,0.00,0.00,0.00
-8.55,0.00,0.00,0.00
-8.56,0.00,0.00,0.00
-8.56,0.00,0.00,0.00
-8.57,0.00,0.00,0.00
-8.56,0.00,0.00,0.00
-8.56,0.00,0.00,0.00
-8.56,0.00,0.00,0.00
-8.28,0.00,0.00,0.00
-8.27,0.00,0.00,0.00
-8.27,0.00,0.00,0.00
-8.27,0.00,0.00,0.00
-8.27,0.00,0.00,0.00
-8.27,0.00,0.00,0.00
-8.28,0.00,0.00,0.00
-8.28,0.00,0.00,0.00
-8.28,0.00,0.00,0.00
-8.28,0.00,0.00,0.00
-8.28,0.00,0.00,0.00
-8.29,0.00,0.00,0.00
-8.28,0.00,0.00,0.00
-8.28,0.00,0.00,0.00
-8.27,0.00,0.00,0.00
-8.27,0.00,0.00,0.00
-8.26,0.00,0.00,0.00
-8.26,0.00,0.00,0.00
-8.25,0.00,0.00,0.00
-8.25,0.00,0.00,0.00
-8.24,0.00,0.00,0.00
-8.23,0.00,0.00,0.00
-8.24,0.00,0.00,0.00
-8.24,0.00,0.00,0.00
-8.22,0.00,0.00,0.00
-8.24,0.00,0.00,0.00
-8.24,0.00,0.00,0.00
-8.24,0.00,0.00,0.00
-8.24,0.00,0.00,0.00
-8.23,0.00,0.00,0.00
-8.23,0.00,0.00,0.00
-8.23,0.00,0.00,0.00
-8.22,0.00,0.00,0.00
-8.22,0.00,0.00,0.00
-8.21,0.00,0.00,0.00
-8.20,0.00,0.00,0.00
-8.20,0.00,0.00,0.00
-8.20,0.00,0.00,0.00
-8.19,0.00,0.00,0.00
-8.19,0.00,0.00,0.00
-8.19,0.00,0.00,0.00
-8.19,0.00,0.00,0.00
-8.19,0.00,0.00,0.00
-8.19,0.00,0.00,0.00
-8.19,0.00,0.00,0.00
-8.19,0.00,0.00,0.00
-8.19,0.00,0.00,0.00
-8.19,0.00,0.00,0.00
-8.19,0.00,0.00,0.00
-8.18,0.00,0.00,0.00
-8.18,0.00,0.00,0.00
-8.17,0.00,0.00,0.00
-8.17,0.00,0.00,0.00
-8.16,0.00,0.00,0.00
-8.16,0.00,0.00,0.00
-8.16,0.00,0.00,0.00
-8.15,0.00,0.00,0.00
-8.15,0.00,0.00,0.00
-8.15,0.00,0.00,0.00
-8.16,0.00,0.00,0.00
-8.16,0.00,0.00,0.00
-8.16,0.00,0.00,0.00
-8.16,0.00,0.00,0.00
-8.16,0.00,0.00,0.00
-8.16,0.00,0.00,0.00
-8.16,0.00,0.00,0.00
-8.16,0.00,0.00,0.00
-8.15,0.00,0.00,0.00
-8.15,0.00,0.00,0.00
-8.15,0.00,0.00,0.00
-8.14,0.00,0.00,0.00
-8.14,0.00,0.00,0.00
-8.13,0.00,0.00,0.00
-8.13,0.00,0.00,0.00
-8.13,0.00,0.00,0.00
-8.15,0.00,0.00,0.00
-8.14,0.00,0.00,0.00
-8.13,0.00,0.00,0.00
-8.15,0.00,0.00,0.00
-8.14,0.00,0.00,0.00
-8.14,0.00,0.00,0.00
-8.14,0.00,0.00,0.00
-8.14,0.00,0.00,0.00
-8.14,0.00,0.00,0.00
-8.14,0.00,0.00,0.00
-8.14,0.00,0.00,0.00
-8.13,0.00,0.00,0.00
-8.13,0.00,0.00,0.00
-8.12,0.00,0.00,0.00
-8.12,0.00,0.00,0.00
-8.12,0.00,0.00,0.00
-8.11,0.00,0.00,0.00
-8.11,0.00,0.00,0.00
-8.12,0.00,0.00,0.00
-8.12,0.00,0.00,0.00
-8.12,0.00,0.00,0.00
-8.12,0.00,0.00,0.00
-8.13,0.00,0.00,0.00
-8.13,0.00,0.00,0.00
-8.13,0.00,0.00,0.00
-8.13,0.00,0.00,0.00
-8.13,0.00,0.00,0.00
-8.13,0.00,0.00,0.00
-8.13,0.00,0.00,0.00
-8.12,0.00,0.00,0.00
-8.12,0.00,0.00,0.00
-8.11,0.00,0.00,0.00
-8.11,0.00,0.00,0.00
-8.11,0.00,0.00,0.00
-8.11,0.00,0.00,0.00
-8.11,0.00,0.00,0.00
-8.11,0.00,0.00,0.00
-8.11,0.00,0.00,0.00
-8.11,0.00,0.00,0.00
-8.12,0.00,0.00,0.00
-8.12,0.00,0.00,0.00
-8.12,0.00,0.00,0.00
-8.12,0.00,0.00,0.00
-8.12,0.00,0.00,0.00
-8.12,0.00,0.00,0.00
-8.12,0.00,0.00,0.00
-8.12,0.00,0.00,0.00
-8.11,0.00,0.00,0.00
-8.11,0.00,0.00,0.00
-8.10,0.00,0.00,0.00
-8.10,0.00,0.00,0.00
-8.10,0.00,0.00,0.00
-8.10,0.00,0.00,0.00
-8.10,0.00,0.00,0.00
-8.10,0.00,0.00,0.00
-8.10,0.00,0.00,0.00
-8.11,0.00,0.00,0.00
-8.11,0.00,0.00,0.00
-8.10,0.00,0.00,0.00
-8.11,0.00,0.00,0.00
-8.12,0.00,0.00,0.00
-8.12,0.00,0.00,0.00
-8.12,0.00,0.00,0.00
-8.12,0.00,0.00,0.00
-8.11,0.00,0.00,0.00
-8.11,0.00,0.00,0.00
-8.10,0.00,0.00,0.00
-8.10,0.00,0.00,0.00
-8.10,0.00,0.00,0.00
-8.09,0.00,0.00,0.00
-8.09,0.00,0.00,0.00
-8.09,0.00,0.00,0.00
-8.10,0.00,0.00,0.00
-8.10,0.00,0.00,0.00
-8.10,0.00,0.00,0.00
-8.10,0.00,0.00,0.00
-8.11,0.00,0.00,0.00
-8.11,0.00,0.00,0.00
-8.11,0.00,0.00,0.00
-8.11,0.00,0.00,0.00
-8.11,0.00,0.00,0.00
-8.11,0.00,0.00,0.00
-8.11,0.00,0.00,0.00
-8.10,0.00,0.00,0.00
-8.10,0.00,0.00,0.00
-8.10,0.00,0.00,0.00
-8.09,0.00,0.00,0.00
-8.09,0.00,0.00,0.00
-8.09,0.00,0.00,0.00
-8.09,0.00,0.00,0.00
-8.09,0.00,0.00,0.00
-8.10,0.00,0.00,0.00
-8.10,0.00,0.00,0.00
-8.10,0.00,0.00,0.00
-8.10,0.00,0.00,0.00
-8.11,0.00,0.00,0.00
-8.11,0.00,0.00,0.00
-8.11,0.00,0.00,0.00
-8.11,0.00,0.00,0.00
-8.11,0.00,0.00,0.00
-8.10,0.00,0.00,0.00
-8.10,0.00,0.00,0.00
-8.10,0.00,0.00,0.00
-8.09,0.00,0.00,0.00
-8.09,0.00,0.00,0.00
-8.09,0.00,0.00,0.00
-8.09,0.00,0.00,0.00
-8.09,0.00,0.00,0.00
-8.09,0.00,0.00,0.00
-8.09,0.00,0.00,0.00
-8.09,0.00,0.00,0.00
-8.10,0.00,0.00,0.00
-8.11,0.00,0.00,0.00
-8.10,0.00,0.00,0.00
-8.09,0.00,0.00,0.00
-8.10,0.00,0.00,0.00
-8.10,0.00,0.00,0.00
-8.10,0.00,0.00,0.00
-8.10,0.00,0.00,0.00
-7.94,0.00,0.00,0.00
-7.97,0.00,0.00,0.00
-7.98,0.00,0.00,0.00
-7.98,0.00,0.00,0.00
-7.98,0.00,0.00,0.00
-7.98,0.00,0.00,0.00
-7.97,0.00,0.00,0.00
-7.97,0.00,0.00,0.00
-7.97,0.00,0.00,0.00
-7.97,0.00,0.00,0.00
-7.97,0.00,0.00,0.00
-7.96,0.00,0.00,0.00
-7.96,0.00,0.00,0.00
-7.96,0.00,0.00,0.00
-7.97,0.00,0.00,0.00
-7.97,0.00,0.00,0.00
-7.97,0.00,0.00,0.00
-7.98,0.00,0.00,0.00
-7.98,0.00,0.00,0.00
-7.98,0.00,0.00,0.00
-7.99,0.00,0.00,0.00
-7.99,0.00,0.00,0.00
-7.99,0.00,0.00,0.00
-7.99,0.00,0.00,0.00
-7.98,0.00,0.00,0.00
-7.98,0.00,0.00,0.00
-7.98,0.00,0.00,0.00
-7.98,0.00,0.00,0.00
-7.97,0.00,0.00,0.00
-7.97,0.00,0.00,0.00
-7.97,0.00,0.00,0.00
-7.97,0.00,0.00,0.00
-7.97,0.00,0.00,0.00
-7.98,0.00,0.00,0.00
-7.98,0.00,0.00,0.00
-7.98,0.00,0.00,0.00
-7.99,0.00,0.00,0.00
-7.99,0.00,0.00,0.00
-8.00,0.00,0.00,0.00
-7.99,0.00,0.00,0.00
-7.99,0.00,0.00,0.00
-7.99,0.00,0.00,0.00
-7.99,0.00,0.00,0.00
-7.99,0.00,0.00,0.00
-7.98,0.00,0.00,0.00
-7.98,0.00,0.00,0.00
-7.98,0.00,0.00,0.00
-7.98,0.00,0.00,0.00
-7.98,0.00,0.00,0.00
-7.97,0.00,0.00,0.00
-7.97,0.00,0.00,0.00
-7.99,0.00,0.00,0.00
-7.99,0.00,0.00,0.00
-7.99,0.00,0.00,0.00
-7.99,0.00,0.00,0.00
-8.00,0.00,0.00,0.00
-8.00,0.00,0.00,0.00
-8.00,0.00,0.00,0.00
-7.99,0.00,0.00,0.00
-8.00,0.00,0.00,0.00
-7.99,0.00,0.00,0.00
-8.00,0.00,0.00,0.00
-7.97,0.00,0.00,0.00
-7.99,0.00,0.00,0.00
-7.98,0.00,0.00,0.00
-7.98,0.00,0.00,0.00
-7.98,0.00,0.00,0.00
-7.98,0.00,0.00,0.00
-7.99,0.00,0.00,0.00
-7.99,0.00,0.00,0.00
-7.99,0.00,0.00,0.00
-8.00,0.00,0.00,0.00
-8.00,0.00,0.00,0.00
-8.00,0.00,0.00,0.00
-8.00,0.00,0.00,0.00
-8.00,0.00,0.00,0.00
-8.01,0.00,0.00,0.00
-8.00,0.00,0.00,0.00
-8.00,0.00,0.00,0.00
-8.00,0.00,0.00,0.00
-8.00,0.00,0.00,0.00
-7.99,0.00,0.00,0.00
-7.99,0.00,0.00,0.00
-7.99,0.00,0.00,0.00
-7.99,0.00,0.00,0.00
-7.99,0.00,0.00,0.00
-7.99,0.00,0.00,0.00
-8.00,0.00,0.00,0.00
-8.00,0.00,0.00,0.00
-8.00,0.00,0.00,0.00
-8.01,0.00,0.00,0.00
-8.01,0.00,0.00,0.00
-8.01,0.00,0.00,0.00
-8.01,0.00,0.00,0.00
-8.01,0.00,0.00,0.00
-8.01,0.00,0.00,0.00
-8.01,0.00,0.00,0.00
-8.00,0.00,0.00,0.00
-8.00,0.00,0.00,0.00
-8.00,0.00,0.00,0.00
-8.00,0.00,0.00,0.00
-7.99,0.00,0.00,0.00
-8.00,0.00,0.00,0.00
-8.00,0.00,0.00,0.00
-8.00,0.00,0.00,0.00
-8.01,0.00,0.00,0.00
-8.01,0.00,0.00,0.00
-8.01,0.00,0.00,0.00
-8.02,0.00,0.00,0.00
-8.02,0.00,0.00,0.00
-8.02,0.00,0.00,0.00
-8.02,0.00,0.00,0.00
-8.02,0.00,0.00,0.00
-8.02,0.00,0.00,0.00
-8.02,0.00,0.00,0.00
-8.01,0.00,0.00,0.00
-8.01,0.00,0.00,0.00
-8.01,0.00,0.00,0.00
-8.01,0.00,0.00,0.00
-8.01,0.00,0.00,0.00
-8.01,0.00,0.00,0.00
-8.01,0.00,0.00,0.00
-8.01,0.00,0.00,0.00
-8.02,0.00,0.00,0.00
-8.02,0.00,0.00,0.00
-8.02,0.00,0.00,0.00
-8.03,0.00,0.00,0.00
-8.03,0.00,0.00,0.00
-8.03,0.00,0.00,0.00
-8.03,0.00,0.00,0.00
-8.03,0.00,0.00,0.00
-8.05,0.00,0.00,0.00
-8.03,0.00,0.00,0.00
-8.02,0.00,0.00,0.00
-8.02,0.00,0.00,0.00
-8.02,0.00,0.00,0.00
-8.02,0.00,0.00,0.00
-8.02,0.00,0.00,0.00
-8.02,0.00,0.00,0.00
-8.02,0.00,0.00,0.00
-8.02,0.00,0.00,0.00
-8.02,0.00,0.00,0.00
-8.03,0.00,0.00,0.00
-8.03,0.00,0.00,0.00
-8.04,0.00,0.00,0.00
-8.04,0.00,0.00,0.00
-8.04,0.00,0.00,0.00
-8.04,0.00,0.00,0.00
-8.04,0.00,0.00,0.00
-8.04,0.00,0.00,0.00
-8.03,0.00,0.00,0.00
-8.03,0.00,0.00,0.00
-8.03,0.00,0.00,0.00
-8.02,0.00,0.00,0.00
-8.02,0.00,0.00,0.00
-8.02,0.00,0.00,0.00
-8.02,0.00,0.00,0.00
-8.03,0.00,0.00,0.00
-8.03,0.00,0.00,0.00
-8.03,0.00,0.00,0.00
-8.02,0.00,0.00,0.00
-8.04,0.00,0.00,0.00
-8.04,0.00,0.00,0.00
-8.04,0.00,0.00,0.00
-8.04,0.00,0.00,0.00
-8.04,0.00,0.00,0.00
-8.04,0.00,0.00,0.00
-8.04,0.00,0.00,0.00
-8.03,0.00,0.00,0.00
-8.03,0.00,0.00,0.00
-8.02,0.00,0.00,0.00
-8.02,0.00,0.00,0.00
-8.02,0.00,0.00,0.00
-8.02,0.00,0.00,0.00
-8.02,0.00,0.00,0.00
-8.02,0.00,0.00,0.00
-8.03,0.00,0.00,0.00
-8.03,0.00,0.00,0.00
-8.03,0.00,0.00,0.00
-8.03,0.00,0.00,0.00
-8.03,0.00,0.00,0.00
-8.04,0.00,0.00,0.00
-8.04,0.00,0.00,0.00
-8.03,0.00,0.00,0.00
-8.03,0.00,0.00,0.00
-8.03,0.00,0.00,0.00
-8.02,0.00,0.00,0.00
-8.02,0.00,0.00,0.00
-8.01,0.00,0.00,0.00
-8.01,0.00,0.00,0.00
-8.01,0.00,0.00,0.00
-8.01,0.00,0.00,0.00
-8.00,0.00,0.00,0.00
-8.00,0.00,0.00,0.00
-8.01,0.00,0.00,0.00
-8.00,0.00,0.00,0.00
-8.00,0.00,0.00,0.00
-8.00,0.00,0.00,0.00
-6.88,0.00,0.00,0.00
-6.88,0.00,0.00,0.00
-6.88,0.00,0.00,0.00
-6.89,0.00,0.00,0.00
-6.88,0.00,0.00,0.00
-6.88,0.00,0.00,0.00
-6.89,0.00,0.00,0.00
-6.89,0.00,0.00,0.00
-6.89,0.00,0.00,0.00
-6.89,0.00,0.00,0.00
-6.89,0.00,0.00,0.00
-6.90,0.00,0.00,0.00
-6.89,0.00,0.00,0.00
-6.89,0.00,0.00,0.00
-6.89,0.00,0.00,0.00
-6.88,0.00,0.00,0.00
-6.87,0.00,0.00,0.00
-6.88,0.00,0.00,0.00
-6.86,0.00,0.00,0.00
-6.85,0.00,0.00,0.00
-6.84,0.00,0.00,0.00
-6.84,0.00,0.00,0.00
-6.84,0.00,0.00,0.00
-6.84,0.00,0.00,0.00
-6.84,0.00,0.00,0.00
-6.84,0.00,0.00,0.00
-6.84,0.00,0.00,0.00
-6.84,0.00,0.00,0.00
-6.84,0.00,0.00,0.00
-6.84,0.00,0.00,0.00
-6.83,0.00,0.00,0.00
-6.83,0.00,0.00,0.00
-6.83,0.00,0.00,0.00
-6.82,0.00,0.00,0.00
-6.81,0.00,0.00,0.00
-6.81,0.00,0.00,0.00
-6.80,0.00,0.00,0.00
-6.79,0.00,0.00,0.00
-6.79,0.00,0.00,0.00
-6.78,0.00,0.00,0.00
-6.78,0.00,0.00,0.00
-6.77,0.00,0.00,0.00
-6.77,0.00,0.00,0.00
-6.77,0.00,0.00,0.00
-6.77,0.00,0.00,0.00
-6.77,0.00,0.00,0.00
-6.77,0.00,0.00,0.00
-6.76,0.00,0.00,0.00
-6.76,0.00,0.00,0.00
-6.75,0.00,0.00,0.00
-6.75,0.00,0.00,0.00
-6.74,0.00,0.00,0.00
-6.74,0.00,0.00,0.00
-6.74,0.00,0.00,0.00
-6.73,0.00,0.00,0.00
-6.73,0.00,0.00,0.00
-6.73,0.00,0.00,0.00
-6.73,0.00,0.00,0.00
-6.73,0.00,0.00,0.00
-6.73,0.00,0.00,0.00
-6.74,0.00,0.00,0.00
-6.72,0.00,0.00,0.00
-6.74,0.00,0.00,0.00
-6.74,0.00,0.00,0.00
-6.74,0.00,0.00,0.00
-6.74,0.00,0.00,0.00
-6.74,0.00,0.00,0.00
-6.73,0.00,0.00,0.00
-6.73,0.00,0.00,0.00
-6.73,0.00,0.00,0.00
-6.72,0.00,0.00,0.00
-6.72,0.00,0.00,0.00
-6.71,0.00,0.00,0.00
-6.71,0.00,0.00,0.00
-6.71,0.00,0.00,0.00
-6.71,0.00,0.00,0.00
-6.71,0.00,0.00,0.00
-6.71,0.00,0.00,0.00
-6.72,0.00,0.00,0.00
-6.72,0.00,0.00,0.00
-6.72,0.00,0.00,0.00
-6.72,0.00,0.00,0.00
-6.72,0.00,0.00,0.00
-6.71,0.00,0.00,0.00
-6.71,0.00,0.00,0.00
-6.70,0.00,0.00,0.00
-6.70,0.00,0.00,0.00
-6.69,0.00,0.00,0.00
-6.69,0.00,0.00,0.00
-6.69,0.00,0.00,0.00
-6.68,0.00,0.00,0.00
-6.68,0.00,0.00,0.00
-6.68,0.00,0.00,0.00
-6.68,0.00,0.00,0.00
-6.67,0.00,0.00,0.00
-6.68,0.00,0.00,0.00
-6.67,0.00,0.00,0.00
-6.68,0.00,0.00,0.00
-6.68,0.00,0.00,0.00
-6.68,0.00,0.00,0.00
-6.68,0.00,0.00,0.00
-6.70,0.00,0.00,0.00
-6.68,0.00,0.00,0.00
-6.67,0.00,0.00,0.00
-6.67,0.00,0.00,0.00
-6.65,0.00,0.00,0.00
-6.66,0.00,0.00,0.00
-6.65,0.00,0.00,0.00
-6.65,0.00,0.00,0.00
-6.65,0.00,0.00,0.00
-6.65,0.00,0.00,0.00
-6.65,0.00,0.00,0.00
-6.64,0.00,0.00,0.00
-6.65,0.00,0.00,0.00
-6.65,0.00,0.00,0.00
-6.65,0.00,0.00,0.00
-6.65,0.00,0.00,0.00
-6.65,0.00,0.00,0.00
-6.65,0.00,0.00,0.00
-6.65,0.00,0.00,0.00
-6.64,0.00,0.00,0.00
-6.64,0.00,0.00,0.00
-6.64,0.00,0.00,0.00
-6.63,0.00,0.00,0.00
-6.62,0.00,0.00,0.00
-6.62,0.00,0.00,0.00
-6.62,0.00,0.00,0.00
-6.62,0.00,0.00,0.00
-6.62,0.00,0.00,0.00
-6.62,0.00,0.00,0.00
-6.62,0.00,0.00,0.00
-6.62,0.00,0.00,0.00
-6.62,0.00,0.00,0.00
-6.62,0.00,0.00,0.00
-6.63,0.00,0.00,0.00
-6.62,0.00,0.00,0.00
-6.62,0.00,0.00,0.00
-6.62,0.00,0.00,0.00
-6.62,0.00,0.00,0.00
-6.61,0.00,0.00,0.00
-6.61,0.00,0.00,0.00
-6.61,0.00,0.00,0.00
-6.61,0.00,0.00,0.00
-6.61,0.00,0.00,0.00
-6.60,0.00,0.00,0.00
-6.60,0.00,0.00,0.00
-6.61,0.00,0.00,0.00
-6.61,0.00,0.00,0.00
-6.61,0.00,0.00,0.00
-6.62,0.00,0.00,0.00
-6.62,0.00,0.00,0.00
-6.63,0.00,0.00,0.00
-6.63,0.00,0.00,0.00
-6.64,0.00,0.00,0.00
-6.64,0.00,0.00,0.00
-6.65,0.00,0.00,0.00
-6.65,0.00,0.00,0.00
-6.65,0.00,0.00,0.00
-6.66,0.00,0.00,0.00
-6.66,0.00,0.00,0.00
-6.67,0.00,0.00,0.00
-6.67,0.00,0.00,0.00
-6.68,0.00,0.00,0.00
-6.68,0.00,0.00,0.00
-6.69,0.00,0.00,0.00
-6.69,0.00,0.00,0.00
-6.70,0.00,0.00,0.00
-6.71,0.00,0.00,0.00
-6.72,0.00,0.00,0.00
-6.72,0.00,0.00,0.00
-6.72,0.00,0.00,0.00
-6.73,0.00,0.00,0.00
-6.73,0.00,0.00,0.00
-6.74,0.00,0.00,0.00
-6.74,0.00,0.00,0.00
-6.74,0.00,0.00,0.00
-6.74,0.00,0.00,0.00
-6.74,0.00,0.00,0.00
-6.73,0.00,0.00,0.00
-6.74,0.00,0.00,0.00
-6.74,0.00,0.00,0.00
-6.74,0.00,0.00,0.00
-6.75,0.00,0.00,0.00
-6.75,0.00,0.00,0.00
-6.76,0.00,0.00,0.00
-6.77,0.00,0.00,0.00
-6.78,0.00,0.00,0.00
-6.78,0.00,0.00,0.00
-6.79,0.00,0.00,0.00
-6.79,0.00,0.00,0.00
-6.80,0.00,0.00,0.00
-6.80,0.00,0.00,0.00
-6.80,0.00,0.00,0.00
-6.81,0.00,0.00,0.00
-6.80,0.00,0.00,0.00
-6.81,0.00,0.00,0.00
-6.81,0.00,0.00,0.00
-6.81,0.00,0.00,0.00
-7.20,0.00,0.00,0.00
-7.21,0.00,0.00,0.00
-7.21,0.00,0.00,0.00
-7.22,0.00,0.00,0.00
-7.22,0.00,0.00,0.00
-7.22,0.00,0.00,0.00
-7.23,0.00,0.00,0.00
-7.22,0.00,0.00,0.00
2.59,0.00,0.00,0.00
2.59,0.00,0.00,0.00
2.59,0.00,0.00,0.00
2.59,0.00,0.00,0.00
2.59,0.00,0.00,0.00
2.59,0.00,0.00,0.00
2.59,0.00,0.00,0.00
2.59,0.00,0.00,0.00
2.59,0.00,0.00,0.00
2.59,0.00,0.00,0.00
-7.20,0.00,0.00,0.00
-7.20,0.00,0.00,0.00
-7.19,0.00,0.00,0.00
-7.21,0.00,0.00,0.00
-7.21,0.00,0.00,0.00
-7.21,0.00,0.00,0.00
-7.21,0.00,0.00,0.00
-7.23,0.00,0.00,0.00
-7.21,0.00,0.00,0.00
-7.20,0.00,0.00,0.00
-7.20,0.00,0.00,0.00
-7.20,0.00,0.00,0.00
-7.19,0.00,0.00,0.00
-7.19,0.00,0.00,0.00
-7.19,0.00,0.00,0.00
-7.18,0.00,0.00,0.00
-7.18,0.00,0.00,0.00
-7.19,0.00,0.00,0.00
-7.19,0.00,0.00,0.00
-7.19,0.00,0.00,0.00
-7.19,0.00,0.00,0.00
-7.20,0.00,0.00,0.00
-7.18,0.00,0.00,0.00
-7.19,0.00,0.00,0.00
-7.18,0.00,0.00,0.00
-7.19,0.00,0.00,0.00
-7.18,0.00,0.00,0.00
-7.19,0.00,0.00,0.00
-7.18,0.00,0.00,0.00
-7.18,0.00,0.00,0.00
-7.18,0.00,0.00,0.00
-7.18,0.00,0.00,0.00
-7.17,0.00,0.00,0.00
-7.17,0.00,0.00,0.00
-7.17,0.00,0.00,0.00
-7.16,0.00,0.00,0.00
-7.18,0.00,0.00,0.00
-7.18,0.00,0.00,0.00
-7.18,0.00,0.00,0.00
-7.17,0.00,0.00,0.00
-7.20,0.00,0.00,0.00
-7.19,0.00,0.00,0.00
-7.19,0.00,0.00,0.00
-7.19,0.00,0.00,0.00
-7.18,0.00,0.00,0.00
-7.18,0.00,0.00,0.00
-7.18,0.00,0.00,0.00
-7.17,0.00,0.00,0.00
-7.17,0.00,0.00,0.00
-7.16,0.00,0.00,0.00
-7.15,0.00,0.00,0.00
-7.16,0.00,0.00,0.00
-7.16,0.00,0.00,0.00
-7.16,0.00,0.00,0.00
-7.16,0.00,0.00,0.00
-7.17,0.00,0.00,0.00
-7.17,0.00,0.00,0.00
-7.17,0.00,0.00,0.00
-7.17,0.00,0.00,0.00
-7.17,0.00,0.00,0.00
-7.18,0.00,0.00,0.00
-7.17,0.00,0.00,0.00
-7.17,0.00,0.00,0.00
-7.17,0.00,0.00,0.00
-7.16,0.00,0.00,0.00
-7.16,0.00,0.00,0.00
-7.16,0.00,0.00,0.00
-7.15,0.00,0.00,0.00
-7.15,0.00,0.00,0.00
-7.15,0.00,0.00,0.00
-7.15,0.00,0.00,0.00
-7.15,0.00,0.00,0.00
-7.15,0.00,0.00,0.00
-7.16,0.00,0.00,0.00
-7.16,0.00,0.00,0.00
-7.16,0.00,0.00,0.00
-7.16,0.00,0.00,0.00
-7.16,0.00,0.00,0.00
-7.16,0.00,0.00,0.00
-7.16,0.00,0.00,0.00
-7.16,0.00,0.00,0.00
-7.16,0.00,0.00,0.00
-7.15,0.00,0.00,0.00
-7.15,0.00,0.00,0.00
-7.15,0.00,0.00,0.00
-7.14,0.00,0.00,0.00
-7.14,0.00,0.00,0.00
-7.14,0.00,0.00,0.00
-7.14,0.00,0.00,0.00
-7.14,0.00,0.00,0.00
-7.14,0.00,0.00,0.00
-7.15,0.00,0.00,0.00
-7.15,0.00,0.00,0.00
-7.15,0.00,0.00,0.00
-7.16,0.00,0.00,0.00
-7.16,0.00,0.00,0.00
-7.16,0.00,0.00,0.00
-7.16,0.00,0.00,0.00
-7.15,0.00,0.00,0.00
-7.15,0.00,0.00,0.00
-7.14,0.00,0.00,0.00
-7.14,0.00,0.00,0.00
-7.13,0.00,0.00,0.00
-7.14,0.00,0.00,0.00
-7.14,0.00,0.00,0.00
-7.13,0.00,0.00,0.00
-7.14,0.00,0.00,0.00
-7.14,0.00,0.00,0.00
-7.14,0.00,0.00,0.00
-7.14,0.00,0.00,0.00
-7.15,0.00,0.00,0.00
-7.16,0.00,0.00,0.00
-7.15,0.00,0.00,0.00
-7.15,0.00,0.00,0.00
-7.15,0.00,0.00,0.00
-7.15,0.00,0.00,0.00
-7.15,0.00,0.00,0.00
-7.14,0.00,0.00,0.00
-7.14,0.00,0.00,0.00
-7.14,0.00,0.00,0.00
-7.14,0.00,0.00,0.00
-7.13,0.00,0.00,0.00
-7.13,0.00,0.00,0.00
-7.13,0.00,0.00,0.00
-7.13,0.00,0.00,0.00
-7.11,0.00,0.00,0.00
2.58,0.00,0.00,0.00
2.56,0.00,0.00,0.00
-7.13,0.00,0.00,0.00
-7.14,0.00,0.00,0.00
-7.15,0.00,0.00,0.00
-7.14,0.00,0.00,0.00
-7.14,0.00,0.00,0.00
-7.13,0.00,0.00,0.00
-7.14,0.00,0.00,0.00
-7.14,0.00,0.00,0.00
-7.13,0.00,0.00,0.00
-7.13,0.00,0.00,0.00
-7.13,0.00,0.00,0.00
-7.12,0.00,0.00,0.00
-7.12,0.00,0.00,0.00
-7.12,0.00,0.00,0.00
-7.12,0.00,0.00,0.00
-7.10,0.00,0.00,0.00
-7.13,0.00,0.00,0.00
-7.13,0.00,0.00,0.00
-7.13,0.00,0.00,0.00
-7.13,0.00,0.00,0.00
-6.95,0.00,0.00,0.00
-7.13,0.00,0.00,0.00
-7.13,0.00,0.00,0.00
-7.13,0.00,0.00,0.00
-7.07,0.00,0.00,0.00
-7.13,0.00,0.00,0.00
-7.13,0.00,0.00,0.00
-7.12,0.00,0.00,0.00
-7.12,0.00,0.00,0.00
-7.11,0.00,0.00,0.00
-7.00,0.00,0.00,0.00
-7.10,0.00,0.00,0.00
-7.12,0.00,0.00,0.00
-7.11,0.00,0.00,0.00
-7.13,0.00,0.00,0.00
-7.12,0.00,0.00,0.00
-7.13,0.00,0.00,0.00
-7.14,0.00,0.00,0.00
-7.13,0.00,0.00,0.00
-7.13,0.00,0.00,0.00
-7.13,0.00,0.00,0.00
-7.13,0.00,0.00,0.00
-7.13,0.00,0.00,0.00
-7.12,0.00,0.00,0.00
-7.06,0.00,0.00,0.00
-7.11,0.00,0.00,0.00
-7.11,0.00,0.00,0.00
-7.09,0.00,0.00,0.00
-7.24,0.00,0.00,0.00
-7.21,0.00,0.00,0.00
-7.21,0.00,0.00,0.00
-7.20,0.00,0.00,0.00
-7.20,0.00,0.00,0.00
-7.19,0.00,0.00,0.00
-7.19,0.00,0.00,0.00
-7.19,0.00,0.00,0.00
-7.18,0.00,0.00,0.00
-7.19,0.00,0.00,0.00
-7.18,0.00,0.00,0.00
-7.18,0.00,0.00,0.00
-7.19,0.00,0.00,0.00
-7.19,0.00,0.00,0.00
-7.19,0.00,0.00,0.00
-7.19,0.00,0.00,0.00
-7.18,0.00,0.00,0.00
-7.18,0.00,0.00,0.00
-7.18,0.00,0.00,0.00
-7.17,0.00,0.00,0.00
-7.17,0.00,0.00,0.00
-7.16,0.00,0.00,0.00
-7.16,0.00,0.00,0.00
-7.16,0.00,0.00,0.00
-7.15,0.00,0.00,0.00
-7.15,0.00,0.00,0.00
-7.15,0.00,0.00,0.00
-7.15,0.00,0.00,0.00
-7.15,0.00,0.00,0.00
-7.15,0.00,0.00,0.00
-7.15,0.00,0.00,0.00
-7.15,0.00,0.00,0.00
-7.14,0.00,0.00,0.00
-7.14,0.00,0.00,0.00
-7.14,0.00,0.00,0.00
-7.11,0.00,0.00,0.00
-7.13,0.00,0.00,0.00
-7.13,0.00,0.00,0.00
-7.12,0.00,0.00,0.00
-7.11,0.00,0.00,0.00
-7.10,0.00,0.00,0.00
-7.10,0.00,0.00,0.00
-7.10,0.00,0.00,0.00
-7.09,0.00,0.00,0.00
-7.09,0.00,0.00,0.00
-7.09,0.00,0.00,0.00
-7.10,0.00,0.00,0.00
-7.10,0.00,0.00,0.00
-7.09,0.00,0.00,0.00
-7.09,0.00,0.00,0.00
-7.09,0.00,0.00,0.00
-7.09,0.00,0.00,0.00
-7.09,0.00,0.00,0.00
-7.08,0.00,0.00,0.00
-7.08,0.00,0.00,0.00
-7.07,0.00,0.00,0.00
-7.06,0.00,0.00,0.00
-7.06,0.00,0.00,0.00
-7.05,0.00,0.00,0.00
-7.05,0.00,0.00,0.00
-7.04,0.00,0.00,0.00
-7.04,0.00,0.00,0.00
-7.04,0.00,0.00,0.00
-7.04,0.00,0.00,0.00
-7.04,0.00,0.00,0.00
-7.04,0.00,0.00,0.00
-7.04,0.00,0.00,0.00
-7.04,0.00,0.00,0.00
-7.04,0.00,0.00,0.00
-7.04,0.00,0.00,0.00
-7.03,0.00,0.00,0.00
-7.03,0.00,0.00,0.00
-7.03,0.00,0.00,0.00
-7.02,0.00,0.00,0.00
-7.01,0.00,0.00,0.00
-7.01,0.00,0.00,0.00
-7.00,0.00,0.00,0.00
-7.00,0.00,0.00,0.00
-7.00,0.00,0.00,0.00
-6.99,0.00,0.00,0.00
-6.99,0.00,0.00,0.00
-7.00,0.00,0.00,0.00
-7.02,0.00,0.00,0.00
-7.00,0.00,0.00,0.00
-7.00,0.00,0.00,0.00
-7.00,0.00,0.00,0.00
-7.01,0.00,0.00,0.00
-7.00,0.00,0.00,0.00
-7.00,0.00,0.00,0.00
-6.99,0.00,0.00,0.00
-6.99,0.00,0.00,0.00
-6.98,0.00,0.00,0.00
-6.98,0.00,0.00,0.00
-6.97,0.00,0.00,0.00
-6.97,0.00,0.00,0.00
-6.96,0.00,0.00,0.00
-6.96,0.00,0.00,0.00
-6.96,0.00,0.00,0.00
-6.96,0.00,0.00,0.00
-6.96,0.00,0.00,0.00
-6.96,0.00,0.00,0.00
-6.97,0.00,0.00,0.00
-6.96,0.00,0.00,0.00
-6.97,0.00,0.00,0.00
-6.97,0.00,0.00,0.00
-6.96,0.00,0.00,0.00
-6.96,0.00,0.00,0.00
-6.96,0.00,0.00,0.00
-6.96,0.00,0.00,0.00
-6.95,0.00,0.00,0.00
-6.95,0.00,0.00,0.00
-6.92,0.00,0.00,0.00
-6.94,0.00,0.00,0.00
-6.94,0.00,0.00,0.00
-6.94,0.00,0.00,0.00
-6.94,0.00,0.00,0.00
-6.95,0.00,0.00,0.00
-6.95,0.00,0.00,0.00
-6.95,0.00,0.00,0.00
-6.96,0.00,0.00,0.00
-6.96,0.00,0.00,0.00
-6.96,0.00,0.00,0.00
-6.97,0.00,0.00,0.00
-6.97,0.00,0.00,0.00
-6.97,0.00,0.00,0.00
-6.97,0.00,0.00,0.00
-6.97,0.00,0.00,0.00
-6.98,0.00,0.00,0.00
-6.96,0.00,0.00,0.00
-6.95,0.00,0.00,0.00
-6.95,0.00,0.00,0.00
-6.94,0.00,0.00,0.00
-6.94,0.00,0.00,0.00
-6.95,0.00,0.00,0.00
-6.94,0.00,0.00,0.00
-6.95,0.00,0.00,0.00
-6.93,0.00,0.00,0.00
-6.95,0.00,0.00,0.00
-6.95,0.00,0.00,0.00
-6.95,0.00,0.00,0.00
-6.95,0.00,0.00,0.00
-6.95,0.00,0.00,0.00
-6.95,0.00,0.00,0.00
-6.95,0.00,0.00,0.00
-6.94,0.00,0.00,0.00
-6.94,0.00,0.00,0.00
-6.93,0.00,0.00,0.00
-6.93,0.00,0.00,0.00
-6.93,0.00,0.00,0.00
-6.92,0.00,0.00,0.00
-6.92,0.00,0.00,0.00
-6.92,0.00,0.00,0.00
-6.92,0.00,0.00,0.00
-6.93,0.00,0.00,0.00
-6.93,0.00,0.00,0.00
-6.93,0.00,0.00,0.00
-6.93,0.00,0.00,0.00
-6.94,0.00,0.00,0.00
-6.94,0.00,0.00,0.00
-6.93,0.00,0.00,0.00
-6.93,0.00,0.00,0.00
-6.92,0.00,0.00,0.00
-6.93,0.00,0.00,0.00
-7.02,0.00,0.00,0.00
-6.92,0.00,0.00,0.00
-6.88,0.00,0.00,0.00
-6.93,0.00,0.00,0.00
-6.91,0.00,0.00,0.00
-6.90,0.00,0.00,0.00
-6.91,0.00,0.00,0.00
-6.92,0.00,0.00,0.00
-6.92,0.00,0.00,0.00
-6.92,0.00,0.00,0.00
-6.93,0.00,0.00,0.00
-6.92,0.00,0.00,0.00
-6.91,0.00,0.00,0.00
-6.93,0.00,0.00,0.00
-6.93,0.00,0.00,0.00
-6.93,0.00,0.00,0.00
-6.92,0.00,0.00,0.00
-6.93,0.00,0.00,0.00
-6.92,0.00,0.00,0.00
-6.92,0.00,0.00,0.00
-6.92,0.00,0.00,0.00
-6.91,0.00,0.00,0.00
-6.91,0.00,0.00,0.00
-6.90,0.00,0.00,0.00
-6.90,0.00,0.00,0.00
-6.92,0.00,0.00,0.00
-6.92,0.00,0.00,0.00
-2.51,0.00,0.00,0.00
-2.21,0.00,0.00,0.00
1.95,0.00,0.00,0.00
1.89,0.00,0.00,0.00
1.52,0.00,0.00,0.00
9.68,0.00,0.00,0.00
-7.45,0.00,0.00,0.00
-7.45,0.00,0.00,0.00
-7.45,0.00,0.00,0.00
-7.45,0.00,0.00,0.00
-7.44,0.00,0.00,0.00
-7.45,0.00,0.00,0.00
-7.44,0.00,0.00,0.00
-7.45,0.00,0.00,0.00
-7.46,0.00,0.00,0.00
-7.46,0.00,0.00,0.00
-7.46,0.00,0.00,0.00
-7.47,0.00,0.00,0.00
-7.46,0.00,0.00,0.00
-7.46,0.00,0.00,0.00
-7.46,0.00,0.00,0.00
-7.46,0.00,0.00,0.00
-7.46,0.00,0.00,0.00
-7.45,0.00,0.00,0.00
-7.45,0.00,0.00,0.00
-7.45,0.00,0.00,0.00
-7.45,0.00,0.00,0.00
2.58,0.00,0.00,0.00
-7.44,0.00,0.00,0.00
-7.45,0.00,0.00,0.00
-7.44,0.00,0.00,0.00
-7.45,0.00,0.00,0.00
-7.45,0.00,0.00,0.00
-7.44,0.00,0.00,0.00
-7.44,0.00,0.00,0.00
-7.46,0.00,0.00,0.00
-7.44,0.00,0.00,0.00
-7.44,0.00,0.00,0.00
-7.46,0.00,0.00,0.00
-7.46,0.00,0.00,0.00
-7.41,0.00,0.00,0.00
-7.45,0.00,0.00,0.00
-7.44,0.00,0.00,0.00
-7.44,0.00,0.00,0.00
-7.44,0.00,0.00,0.00
-7.44,0.00,0.00,0.00
-7.44,0.00,0.00,0.00
-7.44,0.00,0.00,0.00
-7.44,0.00,0.00,0.00
-7.45,0.00,0.00,0.00
-7.45,0.00,0.00,0.00
-7.45,0.00,0.00,0.00
-7.46,0.00,0.00,0.00
-7.46,0.00,0.00,0.00
-7.46,0.00,0.00,0.00
-7.46,0.00,0.00,0.00
-7.45,0.00,0.00,0.00
-7.44,0.00,0.00,0.00
-7.45,0.00,0.00,0.00
-7.43,0.00,0.00,0.00
-7.38,0.00,0.00,0.00
-7.44,0.00,0.00,0.00
-7.43,0.00,0.00,0.00
-7.44,0.00,0.00,0.00
-7.43,0.00,0.00,0.00
-7.37,0.00,0.00,0.00
-7.44,0.00,0.00,0.00
-3.53,0.00,0.00,0.00
2.59,0.00,0.00,0.00
2.59,0.00,0.00,0.00
-7.44,0.00,0.00,0.00
-7.44,0.00,0.00,0.00
-7.44,0.00,0.00,0.00
-7.44,0.00,0.00,0.00
-7.44,0.00,0.00,0.00
-7.45,0.00,0.00,0.00
-7.51,0.00,0.00,0.00
-7.48,0.00,0.00,0.00
-7.42,0.00,0.00,0.00
-7.42,0.00,0.00,0.00
-7.42,0.00,0.00,0.00
-7.43,0.00,0.00,0.00
-7.42,0.00,0.00,0.00
-7.42,0.00,0.00,0.00
-7.44,0.00,0.00,0.00
-7.44,0.00,0.00,0.00
-7.43,0.00,0.00,0.00
-7.43,0.00,0.00,0.00
-7.42,0.00,0.00,0.00
2.49,0.00,0.00,0.00
2.44,0.00,0.00,0.00
2.53,0.00,0.00,0.00
2.48,0.00,0.00,0.00
2.49,0.00,0.00,0.00
2.49,0.00,0.00,0.00
2.44,0.00,0.00,0.00
2.42,0.00,0.00,0.00
2.41,0.00,0.00,0.00
2.44,0.00,0.00,0.00
2.44,0.00,0.00,0.00
2.40,0.00,0.00,0.00
-7.42,0.00,0.00,0.00
-7.52,0.00,0.00,0.00
-7.53,0.00,0.00,0.00
-7.43,0.00,0.00,0.00
-7.43,0.00,0.00,0.00
-7.43,0.00,0.00,0.00
-7.43,0.00,0.00,0.00
-7.44,0.00,0.00,0.00
-7.43,0.00,0.00,0.00
-7.42,0.00,0.00,0.00
-7.42,0.00,0.00,0.00
-7.57,0.00,0.00,0.00
-7.43,0.00,0.00,0.00
-7.42,0.00,0.00,0.00
-7.45,0.00,0.00,0.00
-7.41,0.00,0.00,0.00
-7.42,0.00,0.00,0.00
-7.28,0.00,0.00,0.00
-7.42,0.00,0.00,0.00
-7.43,0.00,0.00,0.00
-7.44,0.00,0.00,0.00
-7.44,0.00,0.00,0.00
-7.44,0.00,0.00,0.00
-7.43,0.00,0.00,0.00
-7.43,0.00,0.00,0.00
-7.44,0.00,0.00,0.00
-7.44,0.00,0.00,0.00
-7.36,0.00,0.00,0.00
-7.43,0.00,0.00,0.00
-7.32,0.00,0.00,0.00
-7.43,0.00,0.00,0.00
-7.42,0.00,0.00,0.00
-7.42,0.00,0.00,0.00
-7.42,0.00,0.00,0.00
-7.42,0.00,0.00,0.00
-7.42,0.00,0.00,0.00
-7.43,0.00,0.00,0.00
-7.43,0.00,0.00,0.00
-7.41,0.00,0.00,0.00
-7.43,0.00,0.00,0.00
-7.43,0.00,0.00,0.00
-7.44,0.00,0.00,0.00
-7.44,0.00,0.00,0.00
-7.44,0.00,0.00,0.00
-7.44,0.00,0.00,0.00
-7.43,0.00,0.00,0.00
-7.42,0.00,0.00,0.00
-7.42,0.00,0.00,0.00
-7.42,0.00,0.00,0.00
-7.41,0.00,0.00,0.00
-7.41,0.00,0.00,0.00
-7.41,0.00,0.00,0.00
-7.41,0.00,0.00,0.00
-7.41,0.00,0.00,0.00
-7.42,0.00,0.00,0.00
-7.42,0.00,0.00,0.00
-7.42,0.00,0.00,0.00
-7.41,0.00,0.00,0.00
-7.42,0.00,0.00,0.00
-7.44,0.00,0.00,0.00
-7.43,0.00,0.00,0.00
-7.41,0.00,0.00,0.00
-7.44,0.00,0.00,0.00
-7.43,0.00,0.00,0.00
-7.43,0.00,0.00,0.00
-7.43,0.00,0.00,0.00
-7.42,0.00,0.00,0.00
-7.42,0.00,0.00,0.00
-7.42,0.00,0.00,0.00
-7.42,0.00,0.00,0.00
-7.42,0.00,0.00,0.00
-7.38,0.00,0.00,0.00
-7.39,0.00,0.00,0.00
-7.43,0.00,0.00,0.00
-7.43,0.00,0.00,0.00
-7.38,0.00,0.00,0.00
-7.43,0.00,0.00,0.00
-7.43,0.00,0.00,0.00
-7.43,0.00,0.00,0.00
-7.43,0.00,0.00,0.00
-7.43,0.00,0.00,0.00
-7.43,0.00,0.00,0.00
-7.42,0.00,0.00,0.00
-7.42,0.00,0.00,0.00
-7.41,0.00,0.00,0.00
-7.41,0.00,0.00,0.00
-7.41,0.00,0.00,0.00
-7.41,0.00,0.00,0.00
-7.41,0.00,0.00,0.00
-7.41,0.00,0.00,0.00
-7.41,0.00,0.00,0.00
-7.41,0.00,0.00,0.00
-7.42,0.00,0.00,0.00
-7.42,0.00,0.00,0.00
-7.42,0.00,0.00,0.00
-7.42,0.00,0.00,0.00
-7.42,0.00,0.00,0.00
-7.42,0.00,0.00,0.00
-7.42,0.00,0.00,0.00
-7.42,0.00,0.00,0.00
-7.25,0.00,0.00,0.00
-7.26,0.00,0.00,0.00
-7.27,0.00,0.00,0.00
-7.26,0.00,0.00,0.00
-7.26,0.00,0.00,0.00
-7.27,0.00,0.00,0.00
-7.25,0.00,0.00,0.00
-7.24,0.00,0.00,0.00
-7.25,0.00,0.00,0.00
-7.24,0.00,0.00,0.00
-7.24,0.00,0.00,0.00
-7.24,0.00,0.00,0.00
-7.24,0.00,0.00,0.00
-7.25,0.00,0.00,0.00
-7.25,0.00,0.00,0.00
-7.26,0.00,0.00,0.00
-7.26,0.00,0.00,0.00
-7.26,0.00,0.00,0.00
-7.26,0.00,0.00,0.00
-7.26,0.00,0.00,0.00
-7.26,0.00,0.00,0.00
-7.26,0.00,0.00,0.00
-7.26,0.00,0.00,0.00
-7.26,0.00,0.00,0.00
-7.25,0.00,0.00,0.00
-7.25,0.00,0.00,0.00
-7.24,0.00,0.00,0.00
-7.24,0.00,0.00,0.00
-7.24,0.00,0.00,0.00
-7.25,0.00,0.00,0.00
-7.24,0.00,0.00,0.00
-7.25,0.00,0.00,0.00
-7.25,0.00,0.00,0.00
-7.25,0.00,0.00,0.00
-7.25,0.00,0.00,0.00
-7.25,0.00,0.00,0.00
-7.26,0.00,0.00,0.00
-7.26,0.00,0.00,0.00
-7.26,0.00,0.00,0.00
-7.26,0.00,0.00,0.00
-7.26,0.00,0.00,0.00
-7.25,0.00,0.00,0.00
-7.25,0.00,0.00,0.00
-7.24,0.00,0.00,0.00
-7.24,0.00,0.00,0.00
-7.24,0.00,0.00,0.00
-7.25,0.00,0.00,0.00
-7.24,0.00,0.00,0.00
-7.23,0.00,0.00,0.00
-7.24,0.00,0.00,0.00
-7.25,0.00,0.00,0.00
-7.25,0.00,0.00,0.00
-7.26,0.00,0.00,0.00
-7.26,0.00,0.00,0.00
-7.26,0.00,0.00,0.00
-7.26,0.00,0.00,0.00
-7.26,0.00,0.00,0.00
-7.26,0.00,0.00,0.00
-7.25,0.00,0.00,0.00
-7.25,0.00,0.00,0.00
-7.25,0.00,0.00,0.00
-7.24,0.00,0.00,0.00
-7.24,0.00,0.00,0.00
-7.24,0.00,0.00,0.00
-7.24,0.00,0.00,0.00
-7.24,0.00,0.00,0.00
-7.24,0.00,0.00,0.00
-7.24,0.00,0.00,0.00
-7.25,0.00,0.00,0.00
-7.25,0.00,0.00,0.00
-7.25,0.00,0.00,0.00
-7.25,0.00,0.00,0.00
-7.26,0.00,0.00,0.00
-7.26,0.00,0.00,0.00
-7.26,0.00,0.00,0.00
-7.25,0.00,0.00,0.00
-7.24,0.00,0.00,0.00
-7.24,0.00,0.00,0.00
-7.24,0.00,0.00,0.00
-7.24,0.00,0.00,0.00
-7.24,0.00,0.00,0.00
-7.24,0.00,0.00,0.00
-7.23,0.00,0.00,0.00
-7.24,0.00,0.00,0.00
-7.24,0.00,0.00,0.00
-7.24,0.00,0.00,0.00
-7.24,0.00,0.00,0.00
-7.25,0.00,0.00,0.00
-7.25,0.00,0.00,0.00
-7.26,0.00,0.00,0.00
-7.27,0.00,0.00,0.00
-7.25,0.00,0.00,0.00
-7.25,0.00,0.00,0.00
-7.25,0.00,0.00,0.00
-7.26,0.00,0.00,0.00
-7.24,0.00,0.00,0.00
-7.24,0.00,0.00,0.00
-7.24,0.00,0.00,0.00
-7.23,0.00,0.00,0.00
-7.24,0.00,0.00,0.00
-7.23,0.00,0.00,0.00
-7.24,0.00,0.00,0.00
-7.24,0.00,0.00,0.00
-7.24,0.00,0.00,0.00
-7.24,0.00,0.00,0.00
-7.25,0.00,0.00,0.00
-7.25,0.00,0.00,0.00
-7.25,0.00,0.00,0.00
-7.25,0.00,0.00,0.00
-7.25,0.00,0.00,0.00
-7.26,0.00,0.00,0.00
-7.25,0.00,0.00,0.00
-7.25,0.00,0.00,0.00
-7.24,0.00,0.00,0.00
-7.22,0.00,0.00,0.00
-7.24,0.00,0.00,0.00
-7.23,0.00,0.00,0.00
-7.23,0.00,0.00,0.00
-7.24,0.00,0.00,0.00
-7.24,0.00,0.00,0.00
-7.24,0.00,0.00,0.00
-7.24,0.00,0.00,0.00
-7.24,0.00,0.00,0.00
-7.25,0.00,0.00,0.00
-7.25,0.00,0.00,0.00
-7.25,0.00,0.00,0.00
-7.25,0.00,0.00,0.00
-7.26,0.00,0.00,0.00
-7.25,0.00,0.00,0.00
-7.25,0.00,0.00,0.00
-7.25,0.00,0.00,0.00
-7.25,0.00,0.00,0.00
-7.24,0.00,0.00,0.00
-7.24,0.00,0.00,0.00
-7.24,0.00,0.00,0.00
-7.24,0.00,0.00,0.00
-7.24,0.00,0.00,0.00
-7.24,0.00,0.00,0.00
-7.24,0.00,0.00,0.00
-7.24,0.00,0.00,0.00
-7.25,0.00,0.00,0.00
-7.25,0.00,0.00,0.00
-7.25,0.00,0.00,0.00
-7.26,0.00,0.00,0.00
-7.26,0.00,0.00,0.00
-7.26,0.00,0.00,0.00
-7.25,0.00,0.00,0.00
-7.25,0.00,0.00,0.00
-7.25,0.00,0.00,0.00
-7.25,0.00,0.00,0.00
-7.24,0.00,0.00,0.00
-7.24,0.00,0.00,0.00
-7.24,0.00,0.00,0.00
-7.24,0.00,0.00,0.00
-7.24,0.00,0.00,0.00
-7.24,0.00,0.00,0.00
-7.24,0.00,0.00,0.00
-7.25,0.00,0.00,0.00
-7.25,0.00,0.00,0.00
-7.25,0.00,0.00,0.00
-7.26,0.00,0.00,0.00
-7.26,0.00,0.00,0.00
-7.26,0.00,0.00,0.00
-7.26,0.00,0.00,0.00
-7.26,0.00,0.00,0.00
-7.26,0.00,0.00,0.00
-7.25,0.00,0.00,0.00
-7.25,0.00,0.00,0.00
-7.25,0.00,0.00,0.00
-7.24,0.00,0.00,0.00
-7.24,0.00,0.00,0.00
-7.24,0.00,0.00,0.00
-7.24,0.00,0.00,0.00
-7.24,0.00,0.00,0.00
-7.26,0.00,0.00,0.00
-7.25,0.00,0.00,0.00
-7.25,0.00,0.00,0.00
-7.26,0.00,0.00,0.00
-7.26,0.00,0.00,0.00
-7.26,0.00,0.00,0.00
-7.26,0.00,0.00,0.00
-7.26,0.00,0.00,0.00
-7.26,0.00,0.00,0.00
-7.26,0.00,0.00,0.00
-7.25,0.00,0.00,0.00
-7.24,0.00,0.00,0.00
-7.24,0.00,0.00,0.00
-7.24,0.00,0.00,0.00
-7.24,0.00,0.00,0.00
-7.24,0.00,0.00,0.00
-7.24,0.00,0.00,0.00
-7.24,0.00,0.00,0.00
-7.25,0.00,0.00,0.00
-7.07,0.00,0.00,0.00
-7.07,0.00,0.00,0.00
-7.06,0.00,0.00,0.00
-7.06,0.00,0.00,0.00
-7.06,0.00,0.00,0.00
-7.05,0.00,0.00,0.00
-7.06,0.00,0.00,0.00
-7.05,0.00,0.00,0.00
-7.04,0.00,0.00,0.00
-7.05,0.00,0.00,0.00
-7.05,0.00,0.00,0.00
-7.06,0.00,0.00,0.00
-7.06,0.00,0.00,0.00
-7.07,0.00,0.00,0.00
-7.07,0.00,0.00,0.00
-7.07,0.00,0.00,0.00
-7.07,0.00,0.00,0.00
-7.07,0.00,0.00,0.00
-7.07,0.00,0.00,0.00
-7.06,0.00,0.00,0.00
-7.06,0.00,0.00,0.00
-7.06,0.00,0.00,0.00
-7.06,0.00,0.00,0.00
-7.05,0.00,0.00,0.00
-7.05,0.00,0.00,0.00
-7.05,0.00,0.00,0.00
-7.05,0.00,0.00,0.00
-7.05,0.00,0.00,0.00
-7.05,0.00,0.00,0.00
-7.06,0.00,0.00,0.00
-7.06,0.00,0.00,0.00
-7.06,0.00,0.00,0.00
-7.07,0.00,0.00,0.00
-7.07,0.00,0.00,0.00
-7.07,0.00,0.00,0.00
-7.07,0.00,0.00,0.00
-7.06,0.00,0.00,0.00
-7.06,0.00,0.00,0.00
-7.06,0.00,0.00,0.00
-7.05,0.00,0.00,0.00
-7.05,0.00,0.00,0.00
-7.05,0.00,0.00,0.00
-7.05,0.00,0.00,0.00
-7.05,0.00,0.00,0.00
-7.04,0.00,0.00,0.00
-7.05,0.00,0.00,0.00
-7.05,0.00,0.00,0.00
-7.05,0.00,0.00,0.00
-7.06,0.00,0.00,0.00
-7.06,0.00,0.00,0.00
-7.06,0.00,0.00,0.00
-7.06,0.00,0.00,0.00
-7.06,0.00,0.00,0.00
-7.07,0.00,0.00,0.00
-7.06,0.00,0.00,0.00
-7.06,0.00,0.00,0.00
-7.06,0.00,0.00,0.00
-7.05,0.00,0.00,0.00
-7.05,0.00,0.00,0.00
-7.05,0.00,0.00,0.00
-7.04,0.00,0.00,0.00
-7.05,0.00,0.00,0.00
-7.05,0.00,0.00,0.00
-7.05,0.00,0.00,0.00
-7.05,0.00,0.00,0.00
-7.04,0.00,0.00,0.00
-7.06,0.00,0.00,0.00
-7.06,0.00,0.00,0.00
-7.06,0.00,0.00,0.00
-7.06,0.00,0.00,0.00
-7.06,0.00,0.00,0.00
-7.06,0.00,0.00,0.00
-7.06,0.00,0.00,0.00
-7.06,0.00,0.00,0.00
-7.05,0.00,0.00,0.00
-7.05,0.00,0.00,0.00
-7.05,0.00,0.00,0.00
-7.04,0.00,0.00,0.00
-7.04,0.00,0.00,0.00
-7.04,0.00,0.00,0.00
-7.04,0.00,0.00,0.00
-7.04,0.00,0.00,0.00
-7.05,0.00,0.00,0.00
-7.05,0.00,0.00,0.00
-7.05,0.00,0.00,0.00
-7.06,0.00,0.00,0.00
-7.06,0.00,0.00,0.00
-7.06,0.00,0.00,0.00
-7.06,0.00,0.00,0.00
-7.06,0.00,0.00,0.00
-7.06,0.00,0.00,0.00
-7.05,0.00,0.00,0.00
-7.05,0.00,0.00,0.00
-7.05,0.00,0.00,0.00
-7.04,0.00,0.00,0.00
-7.04,0.00,0.00,0.00
-7.04,0.00,0.00,0.00
-7.04,0.00,0.00,0.00
-7.04,0.00,0.00,0.00
-7.04,0.00,0.00,0.00
-7.05,0.00,0.00,0.00
-7.05,0.00,0.00,0.00
-7.05,0.00,0.00,0.00
-7.06,0.00,0.00,0.00
-7.06,0.00,0.00,0.00
-7.06,0.00,0.00,0.00
